21,22,23,24,25,26,27,28,29,30,31,32,"2,28,20,28,3",33
21.0,27.0,199.0,11.0,31.0,0.2,0.2,9439.0,24923.0,1.0,7911.0,1880848.0,1.0,97.0
5.0,1.0,1589.0,153.0,102.0,0.4,0.6,134065.0,20191.0,2.0,1801.0,998664.0,1.0,91.0
1.0,0.0,2008.0,157.0,91.0,0.2,0.2,176272.0,59457.0,3.2,385.0,1702584.0,1.0,92.0
2.0,1.0,174.0,11.0,24.0,0.2,0.2,10271.0,8797.0,1.0,6442.0,1871299.0,1.0,99.0
11.0,1.0,4532.0,628.0,554.0,5.59,1.8,588953.0,320435.0,5.0,314.0,1010052.0,1.0,72.0
11.0,3.0,2311.0,197.0,96.0,1.4,1.4,142319.0,28945.0,2.5,142.0,1112250.0,1.0,87.0
4.0,1.0,706.0,73.0,53.0,0.8,0.2,129808.0,24619.0,2.2,238.0,1020434.0,1.0,94.0
1.0,0.0,2481.0,262.0,205.0,0.2,0.2,9731.0,44698.0,2.5,634.0,977747.0,1.0,91.0
2.0,1.0,986.0,73.0,54.0,0.2,0.2,5562.0,23881.0,2.3,217.0,1013784.0,1.0,96.0
3.0,0.0,2229.0,213.0,112.0,1.6,3.0,577518.0,102843.0,4.8,244.0,1526406.0,1.0,88.0
4.0,1.0,4682.0,556.0,502.0,2.0,0.8,374054.0,397653.0,2.2,474.0,1096338.0,1.0,80.0
122.0,53.0,3858.0,253.0,267.0,0.2,0.2,92027.0,172470.0,3.0,399.0,1066162.0,1.0,90.0
17.0,6.0,3577.0,316.0,238.0,3.0,1.2,217323.0,49595.0,3.6,879.0,974328.0,1.0,84.0
2.0,1.0,2587.0,198.0,100.0,0.2,0.2,956702.0,135821.0,6.0,642.0,1306768.0,1.0,94.0
1.0,0.0,2498.0,135.0,77.0,0.4,0.4,45680.0,30423.0,1.2,1903.0,1752755.0,1.0,94.0
27.0,18.0,6449.0,492.0,299.0,6.59,4.99,445690.0,72219.0,2.5,344.0,996402.0,1.0,67.0
57.0,76.0,2674.0,346.0,273.0,5.39,4.19,390009.0,21069.0,2.8,3119.0,1759583.0,1.0,71.0
10.0,3.0,417.0,23.0,40.0,0.4,0.4,26568.0,27852.0,1.0,6217.0,1856637.0,1.0,98.0
7.0,2.0,2536.0,229.0,184.0,4.2,1.2,125918.0,20744.0,1.4,8331.0,1864683.0,1.0,87.0
60.0,87.0,3116.0,167.0,147.0,0.4,3.19,47466.0,66573.0,1.0,168.0,983853.0,1.0,91.0
1.0,0.0,1272.0,138.0,77.0,0.8,0.8,135403.0,29470.0,2.6,425.0,1057451.0,1.0,91.0
1.0,1.0,1199.0,75.0,59.0,0.4,0.4,19530.0,29379.0,2.0,3011.0,1707638.0,1.0,95.0
1.0,0.0,1190.0,59.0,62.0,0.2,0.2,132309.0,105665.0,2.8,366.0,1513949.0,1.0,81.0
1.0,0.0,2054.0,344.0,308.0,0.6,3.6,10011.0,57033.0,2.6,231.0,1696379.0,1.0,89.0
75.0,45.0,3882.0,199.0,97.0,11.0,35.0,125564.0,27633.0,1.8,262.0,1106469.0,1.0,62.0
14.0,6.0,1493.0,167.0,88.0,2.0,2.4,145001.0,61683.0,5.2,2137.0,1554117.0,1.0,91.0
6.0,5.0,1109.0,77.0,121.0,0.4,0.2,38758.0,90756.0,2.5,327.0,1059706.0,1.0,95.0
12.0,16.0,413.0,19.0,11.0,0.2,0.2,8327.0,2462.0,1.4,4607.0,1828310.0,1.0,98.0
5.0,2.0,2935.0,336.0,212.0,0.6,0.6,65027.0,96604.0,1.5,288.0,1090358.0,1.0,88.0
6.0,0.0,1474.0,217.0,222.0,4.6,2.8,168369.0,45720.0,1.8,3704.0,1820309.0,1.0,77.0
1.0,0.0,1220.0,42.0,50.0,1.0,1.0,8192.0,13230.0,3.2,314.0,1711651.0,1.0,97.0
62.0,19.0,5210.0,820.0,696.0,1.2,2.8,361705.0,40816.0,3.6,657.0,1399072.0,1.0,76.0
17.0,6.0,3386.0,545.0,378.0,6.8,5.2,947563.0,119175.0,2.0,2521.0,1091992.0,1.0,74.0
6.0,1.0,3869.0,308.0,184.0,1.0,1.2,89698.0,41172.0,3.0,220.0,997363.0,1.0,85.0
7.0,5.0,1982.0,152.0,219.0,1.8,7.2,281627.0,349582.0,4.8,1387.0,1613800.0,1.0,88.0
1.0,1.0,231.0,23.0,29.0,0.2,0.2,19505.0,2909.0,1.0,7261.0,1868646.0,1.0,98.0
3.0,3.0,1293.0,94.0,103.0,0.2,0.2,80560.0,26332.0,1.7,697.0,1047581.0,1.0,95.0
3.0,3.0,449.0,76.0,64.0,0.4,0.4,1633.0,12751.0,2.0,690.0,1722080.0,1.0,96.0
0.0,0.0,1297.0,103.0,45.0,0.2,0.2,346042.0,11105.0,4.0,1286.0,1712987.0,1.0,95.0
1.0,1.0,1107.0,47.0,26.0,0.2,0.2,9887.0,13536.0,1.0,8188.0,1836408.0,1.0,97.0
5.0,5.0,2175.0,83.0,77.0,0.6,0.6,17319.0,29789.0,1.5,425.0,988923.0,1.0,94.0
8.0,5.0,4299.0,206.0,143.0,1.4,1.8,207260.0,38473.0,3.2,607.0,1443460.0,1.0,86.0
11.0,4.0,3632.0,313.0,124.0,7.4,18.2,233748.0,21962.0,5.4,428.0,1094683.0,1.0,72.0
4.0,1.0,3290.0,341.0,307.0,2.0,3.6,342177.0,33866.0,1.3,340.0,1093653.0,1.0,86.0
23.0,12.0,6085.0,634.0,548.0,9.8,3.2,595452.0,318636.0,1.0,639.0,1008197.0,1.0,63.0
11.0,5.0,2010.0,257.0,106.0,3.2,3.8,315118.0,101709.0,3.8,1839.0,1576246.0,1.0,86.0
2.0,1.0,330.0,47.0,35.0,0.4,0.4,5114.0,11775.0,2.0,998.0,1723549.0,1.0,98.0
0.0,0.0,2173.0,89.0,119.0,0.2,0.2,390646.0,11791.0,3.8,718.0,1708427.0,1.0,85.0
1.0,0.0,3347.0,257.0,153.0,0.4,1.8,555900.0,47401.0,4.4,278.0,1041150.0,1.0,85.0
10.0,4.0,1519.0,118.0,68.0,1.4,2.0,419241.0,196810.0,4.0,229.0,1538755.0,1.0,90.0
0.0,0.0,1201.0,65.0,61.0,0.4,0.4,109352.0,58703.0,1.4,6854.0,1877461.0,1.0,96.0
3.0,1.0,1996.0,150.0,83.0,1.0,1.6,440788.0,73466.0,2.0,133.0,1120213.0,1.0,82.0
2.0,1.0,2441.0,136.0,80.0,0.4,1.8,81726.0,39191.0,1.2,527.0,1743094.0,1.0,94.0
8.0,1.0,7167.0,520.0,381.0,3.79,2.59,141684.0,51961.0,1.6,165.0,1063446.0,1.0,77.0
13.0,9.0,709.0,78.0,99.0,0.8,0.6,47868.0,37038.0,1.0,503.0,969976.0,1.0,94.0
23.0,33.0,162.0,8.0,17.0,0.2,0.2,7001.0,18992.0,1.2,7579.0,1878621.0,1.0,98.0
6.0,2.0,2810.0,467.0,250.0,0.4,1.8,292182.0,101724.0,4.4,3058.0,1605155.0,1.0,90.0
0.0,0.0,1665.0,117.0,80.0,0.4,0.8,4611.0,45409.0,2.6,433.0,1754104.0,1.0,86.0
2.0,0.0,996.0,69.0,62.0,0.2,0.4,2317.0,30113.0,2.0,577.0,1527410.0,1.0,96.0
3.0,1.0,1875.0,192.0,167.0,0.8,3.59,106247.0,23835.0,1.7,457.0,1089844.0,1.0,90.0
476.0,142.0,3768.0,618.0,528.0,1.6,5.8,553559.0,484708.0,1.0,177.0,1017134.0,1.0,73.0
1.0,0.0,3577.0,170.0,171.0,0.8,1.8,30635.0,73013.0,2.0,903.0,991962.0,1.0,91.0
12.0,8.0,5073.0,133.0,86.0,2.8,8.4,78122.0,29148.0,3.0,674.0,1445475.0,1.0,77.0
7.0,1.0,2766.0,314.0,264.0,6.99,2.4,246241.0,11230.0,3.2,7164.0,1858774.0,1.0,81.0
10.0,3.0,1629.0,77.0,59.0,6.41,18.84,75901.0,17091.0,2.0,178.0,1107962.0,1.0,77.0
1.0,0.0,538.0,95.0,48.0,0.2,0.2,139284.0,97012.0,3.2,1083.0,1749909.0,1.0,94.0
30.0,41.0,1972.0,156.0,137.0,0.4,0.4,108058.0,183512.0,6.0,141.0,1053814.0,1.0,88.0
0.0,0.0,201.0,14.0,15.0,0.2,0.2,705.0,4909.0,1.0,7549.0,1870232.0,1.0,98.0
7.0,0.0,3216.0,570.0,72.0,6.8,21.2,1510447.0,52634.0,2.8,201.0,1108710.0,1.0,74.0
0.0,0.0,1108.0,87.0,48.0,0.6,0.6,199489.0,36309.0,1.4,462.0,989240.0,1.0,95.0
49.0,48.0,4918.0,402.0,238.0,2.39,3.98,202001.0,157198.0,3.0,169.0,1005745.0,1.0,78.0
10.0,0.0,1036.0,177.0,75.0,2.6,5.8,288087.0,190120.0,3.6,1605.0,1732917.0,1.0,90.0
1.0,0.0,2439.0,262.0,138.0,0.2,0.2,256393.0,169970.0,6.0,3168.0,1602259.0,1.0,91.0
1.0,0.0,711.0,72.0,82.0,1.0,0.8,57329.0,28539.0,1.2,682.0,1752805.0,1.0,95.0
18.0,12.0,2385.0,334.0,124.0,5.8,16.0,928637.0,33286.0,2.8,672.0,1097338.0,1.0,80.0
16.0,4.0,3431.0,479.0,196.0,1.2,2.4,602937.0,571768.0,2.2,257.0,1043798.0,1.0,86.0
10.0,9.0,3362.0,172.0,192.0,0.2,0.2,422528.0,189987.0,4.4,3634.0,1341744.0,1.0,92.0
6.0,1.0,2961.0,458.0,401.0,2.4,0.8,260714.0,202105.0,2.7,217.0,1006899.0,1.0,87.0
7.0,0.0,2864.0,429.0,343.0,7.39,2.0,514791.0,52432.0,2.0,7441.0,1859318.0,1.0,79.0
0.0,0.0,308.0,10.0,15.0,0.2,0.2,13642.0,34486.0,2.0,178.0,1760056.0,1.0,97.0
9.0,2.0,1831.0,158.0,119.0,0.6,0.8,104249.0,56308.0,5.8,480.0,1521358.0,1.0,90.0
0.0,0.0,2047.0,168.0,804.0,0.2,0.2,38632.0,107808.0,2.2,827.0,1704214.0,1.0,92.0
0.0,0.0,230.0,35.0,14.0,0.2,0.2,169196.0,5037.0,1.0,7398.0,1869339.0,1.0,98.0
4.0,2.0,3367.0,215.0,174.0,0.4,0.4,8468.0,23881.0,2.2,497.0,1015256.0,1.0,88.0
4.0,1.0,3028.0,204.0,158.0,1.6,0.6,303218.0,17160.0,2.8,161.0,1709837.0,1.0,92.0
33.0,47.0,967.0,78.0,46.0,0.4,0.6,36104.0,46064.0,1.0,2953.0,1014126.0,1.0,95.0
34.0,45.0,2253.0,374.0,185.0,1.8,2.0,538610.0,219894.0,6.6,726.0,978285.0,1.0,85.0
1.0,0.0,544.0,55.0,62.0,0.2,0.2,1943.0,19308.0,400.0,97.0,3.0,1.0,0.0
8.0,6.0,1473.0,123.0,130.0,0.4,0.6,138254.0,30008.0,4.5,2512.0,1095232.0,1.0,93.0
2.0,1.0,159.0,8.0,13.0,0.2,0.2,6994.0,10941.0,1.2,7260.0,1875328.0,1.0,98.0
1.0,1.0,177.0,13.0,15.0,0.2,0.2,7030.0,7013.0,1.0,7441.0,1870565.0,1.0,98.0
2.0,1.0,415.0,58.0,31.0,1.4,1.2,126763.0,56055.0,3.4,824.0,1722403.0,1.0,95.0
65.0,77.0,2089.0,183.0,143.0,0.8,1.4,143046.0,144665.0,3.4,791.0,1631507.0,1.0,86.0
1.0,1.0,2021.0,93.0,96.0,0.2,0.2,105905.0,9499.0,2.0,630.0,1718893.0,1.0,95.0
27.0,0.0,2052.0,163.0,87.0,6.6,19.4,536165.0,28955.0,2.0,126.0,1089085.0,1.0,74.0
4.0,0.0,1799.0,313.0,115.0,0.8,3.4,904098.0,27923.0,4.6,159.0,1110357.0,1.0,91.0
4.0,1.0,2893.0,380.0,188.0,2.6,2.6,168579.0,263824.0,2.4,243.0,1535341.0,1.0,79.0
54.0,62.0,1101.0,104.0,81.0,1.8,1.6,241932.0,82941.0,2.8,262.0,1536664.0,1.0,90.0
1.0,1.0,187.0,11.0,9.0,0.2,0.2,11769.0,6159.0,1.0,11982.0,1888734.0,1.0,98.0
70.0,37.0,3511.0,278.0,184.0,0.6,1.8,136622.0,69549.0,2.8,305.0,1339018.0,1.0,92.0
10.0,7.0,1507.0,144.0,91.0,0.4,1.8,23105.0,26379.0,2.2,1074.0,975830.0,1.0,91.0
2.0,0.0,2959.0,372.0,250.0,1.4,1.4,946962.0,160148.0,1.0,152.0,1034645.0,1.0,82.0
25.0,31.0,989.0,119.0,66.0,1.8,0.8,349572.0,9053.0,3.6,284.0,1709568.0,1.0,94.0
23.0,30.0,1036.0,65.0,35.0,3.6,8.2,147215.0,29783.0,1.8,8581.0,1834046.0,1.0,87.0
7.0,3.0,4821.0,472.0,459.0,2.59,3.59,520991.0,570078.0,4.5,1133.0,988041.0,1.0,68.0
5.0,4.0,706.0,70.0,218.0,0.2,0.2,5138.0,794374.0,1.0,631.0,961905.0,1.0,93.0
21.0,31.0,2350.0,110.0,104.0,0.2,0.2,8605.0,77964.0,1.0,664.0,1060856.0,1.0,93.0
5.0,4.0,1972.0,264.0,136.0,0.6,0.6,6710.0,29148.0,1.0,1245.0,971048.0,1.0,91.0
1.0,0.0,3930.0,342.0,185.0,0.4,0.6,242555.0,187798.0,3.8,3440.0,1338127.0,1.0,90.0
52.0,67.0,5028.0,397.0,361.0,5.4,5.2,114224.0,251581.0,1.8,462.0,995160.0,1.0,73.0
26.0,13.0,2127.0,175.0,173.0,2.6,3.0,75457.0,39145.0,1.5,428.0,1065411.0,1.0,86.0
1.0,0.0,386.0,77.0,60.0,0.2,0.2,4932.0,10494.0,2.0,6282.0,1722634.0,1.0,97.0
20.0,8.0,2659.0,167.0,106.0,2.8,3.6,366490.0,256385.0,4.8,174.0,1539835.0,1.0,85.0
26.0,8.0,6214.0,156.0,118.0,3.8,10.2,163996.0,9697.0,4.0,618.0,1322598.0,1.0,74.0
1.0,1.0,369.0,166.0,52.0,0.2,0.2,328107.0,281166.0,2.6,5463.0,1828022.0,1.0,96.0
8.0,6.0,1152.0,138.0,96.0,0.4,0.4,16017.0,23243.0,181.0,93.0,7.0,1.0,0.0
81.0,100.0,2467.0,86.0,79.0,2.0,8.8,31296.0,67249.0,3.0,141.0,1526331.0,1.0,87.0
3.0,0.0,551.0,131.0,44.0,0.6,0.6,33213.0,18076.0,2.0,528.0,1749958.0,1.0,90.0
2.0,2.0,1148.0,62.0,40.0,0.2,0.2,3507.0,39776.0,1.0,588.0,1065888.0,1.0,96.0
2.0,1.0,1563.0,58.0,37.0,0.6,0.6,27841.0,7395.0,1.4,8415.0,1868611.0,1.0,94.0
168.0,12.0,1667.0,193.0,48.0,5.8,5.8,1176816.0,24624.0,4.6,7632.0,1862787.0,1.0,80.0
0.0,0.0,449.0,64.0,45.0,0.2,0.2,1695.0,19282.0,3.0,1300.0,1713592.0,1.0,98.0
4.0,0.0,655.0,78.0,98.0,2.6,3.4,272364.0,232714.0,2.4,2060.0,1795691.0,1.0,76.0
0.0,0.0,159.0,8.0,27.0,0.2,0.2,2061.0,27692.0,1.0,7641.0,1878904.0,1.0,97.0
5.0,0.0,1891.0,107.0,86.0,0.6,0.6,99766.0,32066.0,1.5,271.0,1081690.0,1.0,93.0
11.0,2.0,4641.0,332.0,293.0,0.6,0.6,635586.0,444475.0,1.0,1563.0,1025074.0,1.0,73.0
0.0,0.0,199.0,19.0,17.0,0.2,0.2,32998.0,10272.0,1.0,7198.0,1867335.0,1.0,98.0
18.0,1.0,4378.0,189.0,150.0,5.0,4.8,640892.0,100275.0,3.8,2809.0,1637317.0,1.0,86.0
5.0,0.0,2807.0,198.0,142.0,1.4,2.6,270295.0,56991.0,2.8,906.0,1064958.0,1.0,87.0
9.0,0.0,2548.0,166.0,102.0,2.2,4.6,102717.0,26704.0,3.8,178.0,1112818.0,1.0,88.0
1.0,0.0,2596.0,211.0,195.0,0.2,0.2,299110.0,67609.0,2.8,266.0,1715549.0,1.0,90.0
0.0,0.0,131.0,6.0,10.0,0.2,0.2,419.0,6684.0,1.0,1913.0,1781405.0,1.0,99.0
48.0,46.0,1392.0,216.0,143.0,2.2,2.59,37374.0,28050.0,2.5,301.0,989464.0,1.0,89.0
8.0,6.0,3296.0,326.0,204.0,1.0,1.8,296167.0,47802.0,2.0,374.0,994989.0,1.0,80.0
137.0,128.0,1222.0,169.0,139.0,0.8,0.8,79344.0,90148.0,1.0,733.0,990430.0,1.0,91.0
0.0,0.0,3398.0,148.0,107.0,0.2,0.2,8555.0,16085.0,5.6,217.0,1022944.0,1.0,91.0
0.0,0.0,210.0,30.0,25.0,0.2,0.2,3772.0,9781.0,1.8,1187.0,1766979.0,1.0,93.0
17.0,8.0,4051.0,662.0,579.0,6.4,4.0,565623.0,421622.0,1.2,756.0,1117955.0,1.0,70.0
1.0,0.0,660.0,108.0,59.0,0.4,1.0,175527.0,166176.0,3.0,137.0,1719968.0,1.0,88.0
11.0,1.0,4485.0,217.0,251.0,0.8,0.6,35065.0,90454.0,1.8,726.0,1065044.0,1.0,88.0
10.0,15.0,220.0,19.0,30.0,0.2,0.2,15758.0,32757.0,1.4,2033.0,1770843.0,1.0,88.0
4.0,1.0,5301.0,448.0,310.0,3.0,1.8,97917.0,10751.0,4.2,228.0,1388955.0,1.0,82.0
1.0,0.0,1522.0,214.0,101.0,0.4,0.8,48317.0,22956.0,1.0,1792.0,1074664.0,1.0,94.0
1.0,1.0,368.0,26.0,23.0,0.2,0.2,3796.0,10090.0,1.6,165.0,1741878.0,1.0,91.0
35.0,45.0,1346.0,102.0,26.0,1.4,6.6,34154.0,22581.0,1.2,6841.0,1826680.0,1.0,92.0
18.0,11.0,1424.0,242.0,242.0,2.0,2.0,238848.0,453209.0,272.0,79.0,21.0,1.0,0.0
0.0,0.0,133.0,8.0,9.0,0.2,0.2,977.0,6114.0,1.0,11958.0,1884974.0,1.0,98.0
3.0,1.0,403.0,45.0,13.0,2.2,2.2,109630.0,25486.0,1.4,11474.0,1885897.0,1.0,90.0
7.0,1.0,1879.0,176.0,135.0,1.6,3.01,23947.0,64669.0,1.2,583.0,1110095.0,1.0,90.0
5.0,0.0,3300.0,395.0,219.0,2.0,0.8,133693.0,89066.0,4.8,2230.0,1555064.0,1.0,89.0
29.0,17.0,3626.0,229.0,331.0,2.4,1.8,95892.0,649135.0,1.0,252.0,999570.0,1.0,76.0
2.0,0.0,2727.0,167.0,149.0,0.8,1.0,748996.0,23904.0,2.8,257.0,1708933.0,1.0,92.0
2.0,1.0,523.0,76.0,53.0,0.6,0.6,86956.0,13855.0,2.0,210.0,1756472.0,1.0,89.0
2.0,0.0,1053.0,127.0,47.0,0.4,0.2,311277.0,30292.0,1.8,493.0,1748054.0,1.0,87.0
15.0,1.0,643.0,60.0,19.0,1.2,1.4,361682.0,5234.0,2.2,7005.0,1876323.0,1.0,93.0
184.0,203.0,977.0,72.0,41.0,0.2,0.2,52830.0,69155.0,1.4,318.0,1753752.0,1.0,92.0
17.0,8.0,2515.0,293.0,132.0,2.2,2.2,513694.0,197703.0,1.2,441.0,1017961.0,1.0,82.0
3.0,0.0,1599.0,141.0,59.0,3.0,4.4,306725.0,30076.0,2.0,350.0,1030334.0,1.0,88.0
60.0,31.0,6355.0,358.0,264.0,6.0,13.8,251366.0,242337.0,3.8,3155.0,1653723.0,1.0,62.0
3.0,1.0,5627.0,271.0,223.0,2.0,1.6,39191.0,19973.0,2.4,552.0,1384080.0,1.0,84.0
1.0,1.0,224.0,27.0,22.0,0.2,0.2,93905.0,10793.0,2.2,7426.0,1869323.0,1.0,97.0
8.0,1.0,2491.0,175.0,91.0,1.8,10.18,606224.0,610887.0,1881.0,80.0,20.0,1.0,0.0
12.0,6.0,2557.0,140.0,81.0,1.2,2.0,34223.0,30138.0,1.0,193.0,967147.0,1.0,86.0
1.0,0.0,212.0,29.0,21.0,0.2,0.2,75166.0,10225.0,1.2,2852.0,1775840.0,1.0,97.0
7.0,2.0,1655.0,143.0,82.0,0.6,1.0,169343.0,32311.0,2.0,711.0,971296.0,1.0,90.0
2.0,0.0,2306.0,184.0,135.0,0.4,0.6,56480.0,71830.0,1.0,1172.0,1097932.0,1.0,88.0
12.0,10.0,2643.0,131.0,161.0,0.4,1.8,86268.0,58754.0,473.0,90.0,10.0,1.0,0.0
48.0,1.0,4398.0,245.0,165.0,12.6,35.0,103091.0,51490.0,1.8,212.0,1095352.0,1.0,60.0
13.0,21.0,324.0,19.0,14.0,0.2,0.2,644.0,4682.0,1.8,1230.0,1750204.0,1.0,91.0
23.0,9.0,5404.0,618.0,116.0,3.4,14.6,420330.0,347477.0,3.8,323.0,1546792.0,1.0,64.0
3.0,0.0,845.0,73.0,59.0,0.4,0.6,136822.0,23071.0,1.8,206.0,987451.0,1.0,94.0
172.0,0.0,3252.0,205.0,174.0,1.6,0.6,516331.0,33097.0,5.6,1616.0,1369450.0,1.0,81.0
27.0,31.0,1258.0,181.0,172.0,3.4,1.0,82577.0,7863.0,1.6,5292.0,1860475.0,1.0,91.0
0.0,0.0,179.0,10.0,30.0,0.2,0.2,2182.0,20065.0,1.0,7167.0,1873768.0,1.0,98.0
7.0,2.0,1210.0,151.0,82.0,3.4,2.4,327843.0,26844.0,1.8,239.0,1020592.0,1.0,88.0
1486.0,1.0,7266.0,157.0,192.0,1.6,1.0,98595.0,73892.0,2.8,2451.0,1712099.0,1.0,64.0
27.0,2.0,4332.0,507.0,422.0,7.8,3.2,375370.0,26815.0,1.5,1970.0,1077070.0,1.0,72.0
39.0,0.0,3920.0,291.0,155.0,9.98,29.74,509907.0,56912.0,2.8,298.0,1087858.0,1.0,64.0
4.0,0.0,1297.0,85.0,84.0,0.8,4.0,135129.0,145989.0,2.4,375.0,1534925.0,1.0,95.0
1.0,0.0,2521.0,196.0,162.0,0.4,1.8,185731.0,50125.0,1.0,159.0,1014073.0,1.0,89.0
0.0,0.0,1215.0,79.0,42.0,0.2,0.2,109593.0,52797.0,1.4,8520.0,1867833.0,1.0,95.0
6.0,5.0,1893.0,237.0,136.0,0.4,0.4,708874.0,681925.0,247.0,86.0,14.0,1.0,0.0
5.0,1.0,3972.0,199.0,148.0,3.6,6.6,97157.0,48932.0,1.8,139.0,1013686.0,1.0,84.0
1.0,0.0,262.0,15.0,13.0,0.2,0.2,1020.0,4421.0,2.0,4587.0,1731637.0,1.0,98.0
1.0,1.0,600.0,158.0,41.0,0.6,1.0,476298.0,133721.0,3.0,6006.0,1835992.0,1.0,91.0
18.0,6.0,1590.0,105.0,91.0,0.6,0.6,23101.0,25903.0,1.0,322.0,992837.0,1.0,92.0
24.0,15.0,3052.0,203.0,173.0,1.8,2.2,115480.0,178745.0,2.6,227.0,1519690.0,1.0,88.0
5.0,1.0,7488.0,364.0,278.0,2.2,4.2,380096.0,236477.0,1.0,218.0,1003992.0,1.0,74.0
21.0,1.0,3154.0,167.0,145.0,11.4,3.8,166556.0,83679.0,2.4,406.0,1716117.0,1.0,85.0
28.0,15.0,3407.0,244.0,145.0,1.8,4.59,454752.0,124782.0,7.8,211.0,1313086.0,1.0,74.0
72.0,91.0,1273.0,81.0,52.0,1.6,1.8,145574.0,47053.0,3.0,578.0,1063845.0,1.0,88.0
21.0,9.0,5964.0,189.0,156.0,3.0,8.6,70316.0,116504.0,2.8,301.0,1535931.0,1.0,72.0
0.0,0.0,1228.0,57.0,72.0,0.2,0.2,10301.0,108556.0,1.8,6800.0,1860962.0,1.0,95.0
37.0,4.0,3418.0,305.0,186.0,7.2,20.2,176489.0,65081.0,1.0,185.0,1093237.0,1.0,72.0
3.0,0.0,1492.0,143.0,129.0,0.8,1.0,34802.0,41505.0,3.6,164.0,1027489.0,1.0,90.0
81.0,94.0,5480.0,729.0,683.0,9.0,6.6,476209.0,430097.0,2.2,1473.0,1037573.0,1.0,61.0
1.0,1.0,195.0,20.0,20.0,0.2,0.2,10290.0,7876.0,1.0,7189.0,1867223.0,1.0,98.0
73.0,98.0,3147.0,279.0,181.0,1.4,2.2,388256.0,56469.0,4.0,219.0,1393995.0,1.0,79.0
10.0,5.0,5022.0,184.0,84.0,2.2,8.0,265707.0,10060.0,3.2,1181.0,1397485.0,1.0,83.0
0.0,0.0,2416.0,133.0,90.0,0.2,0.2,71249.0,55485.0,1.2,262.0,1127160.0,1.0,92.0
5.0,2.0,1065.0,82.0,32.0,1.2,7.4,313886.0,8359.0,2.0,3223.0,1741526.0,1.0,92.0
17.0,23.0,277.0,46.0,22.0,0.2,0.2,263599.0,11435.0,1.6,7170.0,1873640.0,1.0,97.0
12.0,3.0,2857.0,159.0,132.0,1.6,3.0,126476.0,116554.0,2.2,2989.0,1547434.0,1.0,89.0
119.0,0.0,2773.0,289.0,109.0,13.2,38.8,104786.0,39867.0,1.5,821.0,1086093.0,1.0,56.0
47.0,1.0,3817.0,210.0,151.0,12.0,34.8,229231.0,34353.0,2.6,162.0,1095566.0,1.0,58.0
0.0,0.0,4714.0,171.0,139.0,0.2,0.2,90210.0,17821.0,2.2,775.0,1769904.0,1.0,84.0
8.0,2.0,2306.0,411.0,208.0,1.6,2.0,1166192.0,126960.0,2.5,387.0,1072661.0,1.0,85.0
1.0,0.0,266.0,50.0,40.0,0.2,0.2,986.0,7095.0,2.0,6343.0,1724179.0,1.0,97.0
15.0,15.0,419.0,189.0,62.0,0.2,0.2,322341.0,310319.0,2.4,5333.0,1825789.0,1.0,97.0
4.0,1.0,4855.0,922.0,121.0,1.8,3.81,2486203.0,62381.0,1.0,240.0,1036099.0,1.0,77.0
0.0,0.0,2351.0,180.0,98.0,0.2,0.2,51956.0,50448.0,1.8,687.0,1769155.0,1.0,89.0
2.0,0.0,977.0,119.0,88.0,1.6,2.2,229909.0,44485.0,2.6,458.0,1053327.0,1.0,90.0
28.0,16.0,3269.0,431.0,269.0,2.59,7.39,503221.0,204217.0,5.4,150.0,1534435.0,1.0,81.0
1.0,0.0,255.0,28.0,26.0,0.4,0.6,104467.0,22583.0,2.0,454.0,1746654.0,1.0,90.0
10.0,0.0,1113.0,83.0,124.0,1.2,3.2,129474.0,140520.0,2.2,122.0,1533229.0,1.0,91.0
10.0,4.0,2685.0,362.0,243.0,2.79,1.0,765585.0,659609.0,144.0,84.0,16.0,1.0,0.0
1.0,0.0,2678.0,165.0,134.0,0.2,0.2,7384.0,66002.0,2.0,1834.0,1112656.0,1.0,91.0
5.0,1.0,1259.0,183.0,171.0,3.2,1.0,103477.0,6816.0,1.4,5299.0,1860629.0,1.0,91.0
3.0,1.0,494.0,58.0,43.0,2.2,2.2,196572.0,50883.0,2.4,11075.0,1873811.0,1.0,87.0
44.0,59.0,5763.0,262.0,205.0,0.4,0.4,152480.0,57054.0,1.5,142.0,1071472.0,1.0,84.0
30.0,41.0,3447.0,298.0,226.0,2.4,2.2,202350.0,106970.0,3.6,191.0,1053651.0,1.0,84.0
29.0,38.0,486.0,50.0,46.0,2.2,2.2,125028.0,61574.0,2.6,10805.0,1870795.0,1.0,86.0
1.0,0.0,1763.0,72.0,61.0,0.8,1.2,4240.0,9021.0,1.4,1345.0,1746206.0,1.0,94.0
1.0,0.0,1266.0,242.0,97.0,1.4,4.4,736445.0,228457.0,2.6,486.0,1757878.0,1.0,91.0
17.0,13.0,4231.0,893.0,481.0,0.6,0.8,103959.0,65253.0,3.2,608.0,1540382.0,1.0,85.0
67.0,63.0,5337.0,234.0,146.0,6.4,18.0,141332.0,43164.0,5.6,316.0,1543805.0,1.0,68.0
2.0,0.0,260.0,41.0,37.0,0.2,0.2,3108.0,4041.0,1.6,472.0,1747073.0,1.0,92.0
5.0,1.0,2410.0,176.0,150.0,0.6,0.6,74357.0,96317.0,2.2,170.0,1065320.0,1.0,86.0
20.0,2.0,1169.0,194.0,195.0,0.4,0.8,312017.0,259833.0,227.0,86.0,13.0,1.0,0.0
70.0,92.0,4371.0,237.0,203.0,1.2,1.0,205153.0,71432.0,1.0,131.0,1003590.0,1.0,83.0
3.0,0.0,2271.0,199.0,284.0,0.6,0.6,189869.0,199051.0,3.2,294.0,1047448.0,1.0,86.0
0.0,0.0,181.0,10.0,15.0,0.2,0.2,5478.0,46886.0,1.0,7854.0,1874812.0,1.0,98.0
2.0,0.0,2166.0,87.0,78.0,0.6,0.6,25562.0,73636.0,2.4,4718.0,1727878.0,1.0,94.0
32.0,43.0,1579.0,171.0,601.0,0.2,0.2,24849.0,93532.0,2.8,1334.0,1704886.0,1.0,92.0
13.0,11.0,1092.0,85.0,46.0,0.6,3.0,23660.0,15429.0,2.2,4908.0,1673408.0,1.0,95.0
1.0,1.0,857.0,90.0,44.0,0.2,0.2,46735.0,82746.0,1.0,6709.0,1818845.0,1.0,96.0
1.0,1.0,809.0,33.0,28.0,0.4,0.4,7506.0,3989.0,1.0,4950.0,1828000.0,1.0,97.0
15.0,1.0,4171.0,681.0,474.0,9.2,4.0,446678.0,105973.0,6.8,964.0,1539776.0,1.0,70.0
11.0,15.0,188.0,15.0,41.0,0.2,0.2,2710.0,8658.0,1.0,3557.0,1847944.0,1.0,98.0
7.0,0.0,273.0,62.0,32.0,0.2,0.2,115125.0,10672.0,1.4,1653.0,1774815.0,1.0,97.0
10.0,1.0,4521.0,213.0,164.0,0.6,0.6,158060.0,198081.0,3.0,1082.0,1378862.0,1.0,88.0
1.0,0.0,1927.0,73.0,68.0,0.8,1.4,5096.0,9534.0,2.2,2957.0,1706870.0,1.0,96.0
1.0,0.0,267.0,87.0,44.0,0.2,0.2,289921.0,232622.0,3.2,702.0,1727416.0,1.0,95.0
13.0,1.0,4124.0,286.0,122.0,11.02,33.67,186591.0,25774.0,1.7,221.0,1080034.0,1.0,60.0
4.0,2.0,3720.0,278.0,196.0,1.4,1.6,279725.0,263781.0,1.3,644.0,1006441.0,1.0,76.0
9.0,7.0,2677.0,342.0,151.0,1.0,3.0,371257.0,343169.0,1.0,252.0,1040595.0,1.0,83.0
35.0,53.0,952.0,144.0,107.0,0.2,0.2,97252.0,50477.0,1.4,341.0,1741270.0,1.0,94.0
2.0,1.0,945.0,90.0,75.0,0.4,0.4,420930.0,85596.0,2.0,637.0,1073019.0,1.0,92.0
67.0,81.0,2332.0,195.0,120.0,0.4,0.6,159456.0,25770.0,1.4,129.0,1041139.0,1.0,90.0
6.0,1.0,1193.0,96.0,236.0,1.2,1.2,153211.0,277202.0,4.0,689.0,1540053.0,1.0,92.0
5.0,0.0,3552.0,372.0,304.0,3.99,1.4,208494.0,24924.0,1.2,214.0,978045.0,1.0,82.0
0.0,0.0,157.0,10.0,9.0,0.2,0.2,424.0,1668.0,1.0,6637.0,1873374.0,1.0,99.0
17.0,13.0,1851.0,156.0,92.0,4.41,13.23,396014.0,24854.0,1.0,134.0,1108471.0,1.0,78.0
56.0,48.0,2173.0,306.0,183.0,2.0,7.78,330940.0,138458.0,582.0,86.0,12.0,1.0,1.0
51.0,71.0,1824.0,161.0,118.0,0.6,0.6,78411.0,94050.0,1.5,302.0,989306.0,1.0,92.0
59.0,67.0,1813.0,123.0,94.0,0.4,0.4,223748.0,30279.0,2.8,1969.0,1768944.0,1.0,81.0
3.0,2.0,394.0,18.0,52.0,0.4,0.4,27574.0,144877.0,1.2,6887.0,1852704.0,1.0,96.0
21.0,32.0,5691.0,364.0,212.0,0.2,0.2,17833.0,39783.0,1.8,708.0,1739216.0,1.0,88.0
5.0,1.0,3741.0,852.0,265.0,0.4,0.4,377071.0,88331.0,1.0,121.0,1043038.0,1.0,84.0
7.0,0.0,1924.0,177.0,133.0,0.4,0.6,354623.0,68081.0,2.0,206.0,968166.0,1.0,90.0
14.0,17.0,442.0,20.0,13.0,4.01,2.61,53077.0,7000.0,1.0,9034.0,1877243.0,1.0,95.0
7.0,0.0,3853.0,311.0,301.0,5.4,12.8,549542.0,509948.0,5.4,192.0,997653.0,1.0,64.0
36.0,43.0,2042.0,149.0,116.0,7.0,20.2,161119.0,19732.0,4.0,162.0,1087090.0,1.0,75.0
1.0,0.0,163.0,8.0,12.0,0.2,0.2,430.0,8682.0,1.0,1824.0,1749022.0,1.0,98.0
2.0,1.0,884.0,111.0,91.0,0.2,0.2,17686.0,14948.0,1.6,1614.0,965530.0,1.0,92.0
0.0,0.0,173.0,16.0,20.0,0.2,0.2,445.0,5965.0,1.0,7360.0,1865600.0,1.0,98.0
43.0,10.0,1642.0,153.0,143.0,0.4,0.8,114798.0,271973.0,4.8,145.0,1597686.0,1.0,92.0
17.0,25.0,186.0,22.0,22.0,0.2,0.2,63036.0,12936.0,1.2,7580.0,1877200.0,1.0,97.0
9.0,0.0,1448.0,217.0,193.0,4.0,3.0,102838.0,7053.0,2.0,6283.0,1724059.0,1.0,89.0
40.0,57.0,2460.0,76.0,66.0,0.2,0.2,7302.0,28418.0,1.6,759.0,967594.0,1.0,91.0
18.0,6.0,2174.0,231.0,135.0,2.0,3.4,168211.0,43126.0,368.0,85.0,14.0,1.0,0.0
5.0,4.0,725.0,92.0,92.0,0.8,1.8,9397.0,30354.0,2.0,388.0,1013008.0,1.0,95.0
1.0,0.0,414.0,37.0,34.0,0.6,1.0,72460.0,10038.0,1.4,4024.0,1779862.0,1.0,90.0
22.0,14.0,1856.0,110.0,92.0,7.0,19.4,99492.0,27575.0,5.2,307.0,1106643.0,1.0,75.0
6.0,0.0,3517.0,475.0,406.0,5.0,2.6,373736.0,232228.0,2.0,772.0,1016816.0,1.0,71.0
3.0,0.0,635.0,65.0,47.0,3.0,3.0,87465.0,40740.0,1.0,289.0,1806587.0,1.0,82.0
1.0,0.0,601.0,107.0,53.0,1.0,1.6,325402.0,53635.0,3.2,199.0,1730275.0,1.0,90.0
11.0,5.0,2725.0,243.0,140.0,0.2,1.6,34737.0,61559.0,1.3,205.0,1107142.0,1.0,88.0
20.0,6.0,3099.0,170.0,104.0,6.79,19.16,228241.0,36850.0,1.6,300.0,1074263.0,1.0,74.0
7.0,3.0,439.0,49.0,58.0,0.8,1.4,3877.0,23938.0,2.2,6333.0,1701510.0,1.0,94.0
17.0,0.0,4962.0,546.0,485.0,8.2,2.2,229511.0,27746.0,1.5,232.0,1069243.0,1.0,74.0
0.0,0.0,158.0,11.0,13.0,0.2,0.2,1360.0,11033.0,1.0,8372.0,1864896.0,1.0,99.0
13.0,0.0,4156.0,431.0,382.0,9.2,4.4,221914.0,53340.0,1.8,209.0,1029048.0,1.0,69.0
34.0,13.0,5633.0,306.0,187.0,2.6,8.0,507057.0,151253.0,5.4,414.0,1314480.0,1.0,74.0
7.0,1.0,4364.0,331.0,155.0,1.8,4.0,73616.0,39495.0,1.5,155.0,1066408.0,1.0,84.0
19.0,9.0,4082.0,666.0,553.0,6.8,4.8,550139.0,245244.0,2.4,219.0,1033072.0,1.0,66.0
0.0,0.0,567.0,90.0,61.0,0.4,0.2,334065.0,296521.0,2.6,992.0,1758486.0,1.0,95.0
246.0,111.0,2597.0,224.0,193.0,4.0,6.8,441256.0,180505.0,2.0,221.0,1037286.0,1.0,69.0
64.0,71.0,5534.0,657.0,234.0,5.41,5.41,161992.0,51093.0,1.2,290.0,1008295.0,1.0,77.0
3.0,1.0,2610.0,139.0,176.0,0.8,0.8,131472.0,101837.0,2.6,623.0,1726461.0,1.0,89.0
1.0,0.0,262.0,21.0,17.0,0.2,0.2,831.0,4648.0,3.0,513.0,1719942.0,1.0,98.0
4.0,0.0,746.0,284.0,50.0,2.2,2.2,173503.0,36933.0,1.8,183.0,1805030.0,1.0,84.0
0.0,0.0,1220.0,61.0,96.0,0.2,0.2,17422.0,107652.0,1.6,4371.0,1782864.0,1.0,90.0
20.0,0.0,5722.0,1013.0,820.0,2.6,0.8,667520.0,174329.0,5.0,156.0,1044653.0,1.0,69.0
184.0,25.0,3797.0,251.0,240.0,1.8,3.79,150508.0,116593.0,3.4,309.0,1327385.0,1.0,88.0
14.0,13.0,2318.0,142.0,97.0,1.8,2.4,155180.0,86805.0,1.0,182.0,1050565.0,1.0,88.0
5.0,2.0,3416.0,154.0,75.0,0.8,4.6,525401.0,62664.0,2.8,164.0,1087301.0,1.0,84.0
1.0,0.0,2047.0,256.0,196.0,0.4,1.8,639654.0,26139.0,3.2,286.0,1091176.0,1.0,92.0
4.0,1.0,852.0,182.0,73.0,1.8,0.6,800804.0,14083.0,2.6,6792.0,1842634.0,1.0,92.0
7.0,6.0,3970.0,367.0,169.0,1.4,3.2,580469.0,69074.0,3.4,415.0,1095523.0,1.0,82.0
33.0,43.0,1613.0,161.0,110.0,0.2,0.2,11850.0,28651.0,1.0,253.0,1021384.0,1.0,92.0
26.0,2.0,5900.0,1094.0,1036.0,5.4,2.6,1143194.0,743917.0,2.0,859.0,1055504.0,1.0,68.0
1.0,0.0,1261.0,50.0,45.0,0.2,0.2,2342.0,9868.0,2.0,2975.0,1707054.0,1.0,97.0
34.0,5.0,2424.0,109.0,142.0,6.4,19.8,40458.0,85259.0,207.0,80.0,18.0,1.0,1.0
0.0,0.0,310.0,57.0,43.0,0.2,0.2,1659.0,12639.0,3.0,538.0,1713112.0,1.0,96.0
17.0,23.0,566.0,90.0,54.0,0.8,0.8,146507.0,9607.0,3.2,136.0,1703814.0,1.0,93.0
5.0,3.0,1065.0,102.0,86.0,0.4,0.6,8540.0,27168.0,1.3,1549.0,1023907.0,1.0,95.0
4.0,1.0,3256.0,591.0,502.0,1.6,3.4,343778.0,335048.0,2.3,289.0,1129867.0,1.0,85.0
23.0,32.0,707.0,52.0,30.0,0.2,0.2,87008.0,8167.0,1.4,136.0,1750139.0,1.0,95.0
13.0,6.0,4688.0,129.0,120.0,1.8,8.4,51511.0,188157.0,2.4,405.0,1523059.0,1.0,83.0
8.0,7.0,4561.0,204.0,127.0,0.2,0.2,68904.0,64251.0,2.5,574.0,1004773.0,1.0,86.0
1.0,0.0,819.0,121.0,96.0,0.2,0.2,18574.0,20181.0,1.4,1462.0,1074070.0,1.0,94.0
11.0,6.0,1995.0,235.0,213.0,1.0,1.4,113578.0,155541.0,3.4,447.0,976970.0,1.0,89.0
7.0,3.0,1631.0,203.0,199.0,1.8,6.6,83523.0,22114.0,2.5,801.0,1048598.0,1.0,88.0
34.0,15.0,884.0,154.0,88.0,2.2,2.4,535664.0,108937.0,1.6,2899.0,1795477.0,1.0,83.0
10.0,8.0,1672.0,118.0,71.0,0.2,0.2,5970.0,17463.0,2.0,1551.0,1078014.0,1.0,94.0
10.0,2.0,4806.0,317.0,187.0,0.6,3.0,394265.0,74984.0,8.4,826.0,1308418.0,1.0,80.0
8.0,2.0,3738.0,361.0,230.0,1.0,2.4,124581.0,116888.0,1.5,311.0,1000488.0,1.0,88.0
65.0,90.0,5402.0,250.0,194.0,0.2,0.2,26968.0,61675.0,1.5,370.0,1108394.0,1.0,84.0
5.0,4.0,1568.0,68.0,102.0,0.2,0.2,42053.0,30000.0,1.5,313.0,1016542.0,1.0,92.0
12.0,8.0,5006.0,221.0,183.0,1.0,1.4,307424.0,31592.0,4.6,1502.0,1534278.0,1.0,87.0
0.0,0.0,406.0,36.0,49.0,0.2,0.2,29231.0,39596.0,1.2,1839.0,1770817.0,1.0,88.0
19.0,27.0,744.0,71.0,78.0,0.2,0.2,74934.0,203418.0,1.2,4387.0,1821778.0,1.0,92.0
3.0,0.0,408.0,28.0,24.0,2.0,3.6,44853.0,15881.0,1.2,6777.0,1849790.0,1.0,91.0
2.0,0.0,439.0,56.0,16.0,2.2,2.2,144880.0,25284.0,1.0,9307.0,1880608.0,1.0,88.0
181.0,6.0,4923.0,286.0,254.0,3.39,3.19,211213.0,235251.0,3.4,2750.0,1636152.0,1.0,77.0
0.0,0.0,160.0,12.0,16.0,0.2,0.2,2085.0,8670.0,1.0,7248.0,1863704.0,1.0,98.0
26.0,7.0,3681.0,262.0,137.0,1.6,3.4,202491.0,143767.0,6.2,164.0,1536462.0,1.0,83.0
2.0,0.0,2065.0,296.0,325.0,0.4,0.6,109498.0,26175.0,1.3,1527.0,1023142.0,1.0,88.0
26.0,4.0,5240.0,304.0,299.0,3.59,4.79,523148.0,603192.0,5.0,769.0,977341.0,1.0,63.0
3.0,1.0,1127.0,107.0,53.0,1.8,2.8,218100.0,27522.0,1.0,2882.0,1014066.0,1.0,91.0
43.0,49.0,4750.0,969.0,331.0,6.6,4.4,522328.0,362630.0,2.8,214.0,1375587.0,1.0,65.0
37.0,44.0,1988.0,168.0,157.0,6.61,19.44,14923.0,63751.0,2.4,155.0,1104782.0,1.0,76.0
0.0,0.0,2790.0,221.0,89.0,0.2,0.2,998056.0,17924.0,1.2,519.0,1095728.0,1.0,92.0
1.0,0.0,376.0,70.0,56.0,0.4,0.4,1676.0,43014.0,1.6,701.0,1755293.0,1.0,87.0
0.0,0.0,1961.0,142.0,84.0,0.2,0.2,126634.0,19519.0,3.0,494.0,1027525.0,1.0,94.0
3.0,1.0,1670.0,70.0,64.0,0.8,1.2,3865.0,6900.0,1.2,1361.0,1743170.0,1.0,93.0
0.0,0.0,1333.0,131.0,63.0,0.4,0.4,360558.0,21855.0,2.0,1862.0,1039313.0,1.0,91.0
5.0,1.0,850.0,52.0,22.0,1.6,1.6,148143.0,17755.0,1.4,8300.0,1861533.0,1.0,90.0
0.0,0.0,201.0,17.0,22.0,0.2,0.2,23893.0,34205.0,1.0,2839.0,1773744.0,1.0,97.0
11.0,6.0,2532.0,201.0,110.0,1.4,2.6,137911.0,26016.0,2.5,141.0,1112808.0,1.0,87.0
16.0,12.0,3009.0,360.0,244.0,1.6,5.81,405250.0,85282.0,3.2,387.0,986647.0,1.0,80.0
254.0,59.0,4072.0,333.0,311.0,0.6,0.6,183534.0,202268.0,2.0,2422.0,1644392.0,1.0,90.0
6.0,1.0,782.0,40.0,41.0,2.6,6.0,66890.0,53993.0,1.2,5779.0,1847056.0,1.0,89.0
1.0,0.0,1747.0,142.0,51.0,0.2,0.2,42148.0,13557.0,2.2,4653.0,1725813.0,1.0,95.0
42.0,53.0,2608.0,235.0,148.0,1.4,0.6,108359.0,42599.0,1.0,615.0,1076654.0,1.0,89.0
36.0,52.0,4171.0,300.0,306.0,0.8,1.8,277742.0,521261.0,1.0,299.0,985134.0,1.0,83.0
34.0,16.0,2849.0,421.0,367.0,7.4,3.2,272508.0,59603.0,2.8,6234.0,1707322.0,1.0,77.0
0.0,0.0,556.0,47.0,36.0,0.2,0.2,1332.0,14788.0,3.0,1277.0,1712936.0,1.0,97.0
20.0,7.0,8566.0,265.0,170.0,3.19,8.98,175738.0,40365.0,3.6,974.0,1521282.0,1.0,68.0
112.0,60.0,2131.0,230.0,173.0,1.0,2.4,207237.0,183891.0,2.2,4792.0,1672382.0,1.0,89.0
11.0,1.0,3310.0,334.0,243.0,3.61,2.0,86931.0,55259.0,1.0,241.0,1059974.0,1.0,85.0
5.0,1.0,1636.0,198.0,110.0,0.6,2.4,766534.0,293691.0,4.2,121.0,1537819.0,1.0,83.0
4.0,1.0,574.0,43.0,27.0,3.2,3.0,115026.0,62525.0,1.6,6267.0,1849520.0,1.0,86.0
10.0,8.0,3158.0,324.0,172.0,0.6,2.2,1037534.0,884253.0,3.0,510.0,1032922.0,1.0,78.0
1.0,1.0,298.0,16.0,32.0,0.2,0.2,8934.0,128171.0,1.0,6876.0,1852733.0,1.0,97.0
35.0,48.0,840.0,141.0,129.0,2.0,2.0,74675.0,151299.0,1.4,5555.0,1841400.0,1.0,89.0
1.0,1.0,868.0,75.0,73.0,0.2,0.2,60588.0,141166.0,1.6,7222.0,1861185.0,1.0,95.0
90.0,80.0,1995.0,230.0,119.0,1.0,0.8,37023.0,30467.0,2.0,128.0,1059710.0,1.0,87.0
34.0,41.0,1784.0,320.0,138.0,1.8,2.4,178145.0,28247.0,3.8,676.0,1066519.0,1.0,86.0
4.0,1.0,2289.0,197.0,140.0,0.4,0.4,85895.0,150802.0,2.6,160.0,1312763.0,1.0,90.0
13.0,11.0,3030.0,332.0,180.0,1.4,4.4,1200996.0,1105343.0,1.0,200.0,1014856.0,1.0,87.0
14.0,9.0,2005.0,170.0,93.0,1.0,3.6,360383.0,11977.0,4.4,274.0,1319438.0,1.0,89.0
16.0,5.0,2158.0,156.0,107.0,1.2,3.4,161619.0,65233.0,5.4,1441.0,1313944.0,1.0,88.0
2.0,1.0,161.0,15.0,15.0,0.2,0.2,20785.0,8860.0,2.0,3688.0,1822496.0,1.0,97.0
16.0,2.0,1974.0,190.0,153.0,0.2,0.2,111053.0,58062.0,1.0,131.0,1054119.0,1.0,87.0
1.0,1.0,349.0,82.0,47.0,0.2,0.2,274730.0,267022.0,2.2,3479.0,1822152.0,1.0,91.0
2.0,1.0,1806.0,125.0,86.0,0.4,0.6,55432.0,53360.0,1.0,180.0,1129489.0,1.0,93.0
4.0,3.0,622.0,64.0,50.0,0.6,0.8,2705.0,21780.0,2.3,303.0,1023552.0,1.0,96.0
11.0,6.0,2015.0,180.0,149.0,1.2,0.6,42567.0,68083.0,2.6,718.0,1106855.0,1.0,91.0
0.0,0.0,1899.0,151.0,95.0,0.2,0.2,148859.0,155251.0,3.6,168.0,1737504.0,1.0,95.0
0.0,0.0,293.0,29.0,26.0,0.4,1.0,718.0,10486.0,2.0,882.0,1704760.0,1.0,98.0
2.0,0.0,534.0,75.0,53.0,2.2,2.2,57506.0,28455.0,1.2,359.0,1813328.0,1.0,85.0
50.0,12.0,6113.0,563.0,525.0,13.0,8.4,374186.0,38201.0,1.0,295.0,972165.0,1.0,59.0
10.0,5.0,1301.0,54.0,76.0,1.2,0.8,476209.0,489895.0,2.6,1605.0,1534619.0,1.0,81.0
1.0,1.0,171.0,11.0,15.0,0.2,0.2,7005.0,10148.0,1.0,8533.0,1870017.0,1.0,98.0
12.0,0.0,3360.0,515.0,375.0,8.0,2.2,966822.0,60723.0,3.6,3182.0,1769629.0,1.0,69.0
4.0,2.0,691.0,55.0,24.0,2.0,2.0,49048.0,14633.0,1.0,6808.0,1859426.0,1.0,91.0
18.0,3.0,3518.0,445.0,311.0,4.6,5.0,350475.0,143998.0,4.6,185.0,1291466.0,1.0,75.0
5.0,0.0,1950.0,448.0,175.0,3.2,3.0,556152.0,25751.0,3.0,1297.0,1047098.0,1.0,74.0
62.0,77.0,3806.0,258.0,166.0,1.4,1.4,492142.0,268706.0,5.2,256.0,1314590.0,1.0,85.0
0.0,0.0,1270.0,105.0,69.0,0.4,0.4,106063.0,26040.0,1.2,142.0,1014038.0,1.0,92.0
1.0,1.0,5073.0,405.0,176.0,0.6,2.0,437640.0,205496.0,3.8,2180.0,988968.0,1.0,86.0
38.0,49.0,4075.0,180.0,145.0,0.8,1.2,49728.0,143178.0,2.8,226.0,1628595.0,1.0,89.0
98.0,105.0,2663.0,421.0,153.0,0.6,0.4,603068.0,499815.0,1.2,451.0,1044634.0,1.0,87.0
2.0,1.0,1389.0,206.0,73.0,0.4,0.6,170513.0,162281.0,3.2,588.0,1742114.0,1.0,94.0
5.0,0.0,4721.0,256.0,177.0,0.99,2.58,524787.0,174964.0,1.0,233.0,972606.0,1.0,81.0
23.0,1.0,6362.0,527.0,468.0,6.57,6.18,386297.0,115456.0,5.6,3542.0,1336048.0,1.0,68.0
23.0,0.0,4831.0,734.0,622.0,10.6,3.4,839067.0,549586.0,335.0,64.0,36.0,1.0,0.0
46.0,66.0,621.0,76.0,61.0,0.6,0.8,4980.0,16132.0,1.0,1888.0,1075016.0,1.0,94.0
0.0,0.0,303.0,48.0,39.0,0.2,0.2,253231.0,18778.0,1.2,8054.0,1862464.0,1.0,98.0
5.0,2.0,1618.0,112.0,80.0,0.6,2.0,31294.0,30419.0,3.0,140.0,1112069.0,1.0,92.0
17.0,12.0,3647.0,405.0,211.0,0.4,0.6,143002.0,79976.0,3.0,151.0,999584.0,1.0,88.0
0.0,0.0,227.0,22.0,38.0,0.4,0.2,84629.0,24638.0,1.2,6815.0,1876861.0,1.0,97.0
1.0,1.0,1365.0,101.0,56.0,0.2,0.2,116063.0,62156.0,1.0,8291.0,1839168.0,1.0,95.0
27.0,21.0,4340.0,154.0,109.0,1.8,2.4,189072.0,48502.0,2.0,743.0,1018156.0,1.0,79.0
7.0,2.0,2715.0,185.0,94.0,0.6,2.8,178325.0,182757.0,3.6,370.0,1331888.0,1.0,94.0
2.0,2.0,2103.0,173.0,130.0,0.2,0.2,249976.0,140342.0,1.7,384.0,988354.0,1.0,88.0
6.0,0.0,3304.0,376.0,142.0,1.2,2.4,1166853.0,25980.0,2.5,165.0,1092721.0,1.0,82.0
4.0,0.0,3538.0,315.0,229.0,3.2,6.2,308752.0,33198.0,1.0,125.0,1100429.0,1.0,76.0
45.0,31.0,2366.0,465.0,225.0,5.77,3.98,635457.0,467915.0,453.0,81.0,19.0,1.0,0.0
4.0,2.0,672.0,99.0,127.0,1.4,1.6,65248.0,516883.0,3.6,250.0,1706224.0,1.0,83.0
1.0,0.0,1948.0,124.0,113.0,0.6,1.2,63813.0,74699.0,1.0,464.0,1117097.0,1.0,87.0
39.0,52.0,2470.0,237.0,175.0,2.6,1.0,149827.0,39404.0,1.5,2183.0,1036381.0,1.0,85.0
1.0,1.0,194.0,12.0,24.0,0.2,0.2,10678.0,11991.0,1.0,7385.0,1874944.0,1.0,99.0
24.0,22.0,3477.0,124.0,143.0,1.8,2.4,69066.0,185585.0,1.0,325.0,989464.0,1.0,85.0
2.0,0.0,1225.0,134.0,118.0,0.4,0.4,5809.0,34227.0,1.0,344.0,1016576.0,1.0,94.0
34.0,32.0,1393.0,242.0,145.0,1.4,1.8,168392.0,200608.0,3.6,1847.0,1576965.0,1.0,91.0
6.0,0.0,658.0,54.0,31.0,2.6,2.6,95966.0,38156.0,1.6,2625.0,1795446.0,1.0,79.0
6.0,0.0,2000.0,275.0,268.0,3.0,1.2,114746.0,112680.0,2.5,429.0,1058998.0,1.0,86.0
3.0,0.0,720.0,53.0,49.0,0.4,1.0,98131.0,24861.0,2.4,4785.0,1668936.0,1.0,96.0
7.0,4.0,2241.0,235.0,202.0,0.4,0.4,127621.0,35747.0,391.0,88.0,12.0,1.0,0.0
0.0,0.0,1260.0,90.0,76.0,0.2,0.2,5812.0,21490.0,2.7,169.0,1099162.0,1.0,93.0
1.0,0.0,1343.0,154.0,131.0,0.8,0.4,289968.0,140984.0,2.4,218.0,1740122.0,1.0,81.0
1.0,0.0,311.0,58.0,35.0,0.2,0.2,1820.0,10295.0,1.0,1900.0,1771971.0,1.0,98.0
6.0,2.0,2239.0,84.0,106.0,0.8,0.8,28054.0,60978.0,3.6,490.0,1504586.0,1.0,84.0
16.0,10.0,1984.0,331.0,224.0,2.79,2.59,87876.0,31361.0,1.0,114.0,989970.0,1.0,77.0
1.0,0.0,420.0,28.0,58.0,1.8,1.8,38630.0,72092.0,1.2,12027.0,1889014.0,1.0,92.0
2.0,2.0,2157.0,155.0,128.0,0.2,0.2,144409.0,89393.0,2.0,490.0,1117539.0,1.0,84.0
4.0,1.0,3133.0,285.0,168.0,1.2,1.6,106492.0,21962.0,1.0,159.0,1101843.0,1.0,89.0
6.0,5.0,2212.0,181.0,150.0,0.6,0.6,347038.0,193991.0,1.8,482.0,1003155.0,1.0,84.0
3.0,2.0,857.0,94.0,90.0,0.2,0.2,94949.0,27795.0,2.6,126.0,1088995.0,1.0,94.0
0.0,0.0,151.0,7.0,9.0,0.2,0.2,473.0,4910.0,1.0,9016.0,1873488.0,1.0,99.0
1.0,0.0,1136.0,108.0,53.0,0.6,0.6,139798.0,33742.0,1.6,505.0,1748077.0,1.0,88.0
1.0,1.0,755.0,72.0,47.0,0.2,0.2,3357.0,10955.0,1.4,1266.0,1749158.0,1.0,97.0
3.0,0.0,3051.0,157.0,115.0,0.6,0.8,306491.0,69347.0,4.2,3108.0,1539470.0,1.0,90.0
5.0,1.0,4983.0,316.0,333.0,3.0,5.6,253911.0,596257.0,1.4,826.0,994360.0,1.0,76.0
23.0,7.0,1277.0,149.0,121.0,1.2,1.8,22772.0,19460.0,2.8,670.0,977107.0,1.0,92.0
9.0,7.0,4514.0,197.0,175.0,0.6,0.6,10750.0,21717.0,2.3,291.0,987382.0,1.0,86.0
9.0,2.0,4394.0,471.0,342.0,4.0,1.0,210471.0,64941.0,1.2,133.0,1099586.0,1.0,78.0
21.0,10.0,1562.0,142.0,144.0,1.6,1.0,50456.0,95182.0,1.7,655.0,1053592.0,1.0,90.0
26.0,34.0,3007.0,113.0,190.0,0.2,0.2,12781.0,31510.0,2.2,224.0,1705333.0,1.0,93.0
1.0,1.0,1615.0,91.0,70.0,0.4,1.8,43622.0,10744.0,2.4,3345.0,1709805.0,1.0,95.0
1.0,0.0,508.0,196.0,77.0,0.2,0.2,259438.0,266905.0,2.4,1702.0,1759920.0,1.0,96.0
7.0,2.0,1561.0,84.0,56.0,0.8,2.4,124456.0,336573.0,1.2,6601.0,1851443.0,1.0,87.0
28.0,22.0,2586.0,195.0,128.0,1.4,1.4,234850.0,107410.0,8.0,436.0,1317290.0,1.0,88.0
23.0,34.0,839.0,76.0,71.0,0.2,0.2,22834.0,54700.0,2.0,129.0,1089048.0,1.0,95.0
2.0,1.0,198.0,13.0,24.0,0.2,0.2,8636.0,11574.0,1.0,7385.0,1874944.0,1.0,98.0
7.0,0.0,3928.0,589.0,571.0,4.8,3.8,355147.0,244977.0,3.2,270.0,1080061.0,1.0,78.0
19.0,15.0,3163.0,285.0,168.0,0.4,0.4,154297.0,104602.0,2.5,265.0,1123963.0,1.0,87.0
11.0,2.0,1489.0,108.0,85.0,0.8,1.4,27042.0,23640.0,1.4,146.0,1066688.0,1.0,92.0
4.0,2.0,3081.0,205.0,123.0,0.4,1.8,27783.0,79274.0,1.0,553.0,1077114.0,1.0,90.0
1.0,0.0,438.0,19.0,19.0,0.8,2.4,5598.0,7819.0,1.0,1756.0,1774116.0,1.0,97.0
50.0,56.0,3278.0,340.0,304.0,3.39,1.2,177583.0,55518.0,2.8,4717.0,1710033.0,1.0,80.0
4.0,3.0,2731.0,127.0,90.0,1.0,3.4,54912.0,81047.0,1.4,426.0,1023250.0,1.0,87.0
0.0,0.0,186.0,17.0,29.0,0.2,0.2,463.0,2680.0,1.0,7420.0,1866392.0,1.0,97.0
5.0,1.0,5473.0,335.0,200.0,1.0,1.0,908732.0,64771.0,1.0,480.0,1074680.0,1.0,85.0
4.0,1.0,2681.0,146.0,81.0,0.4,0.4,47057.0,9705.0,4.8,2727.0,1369683.0,1.0,91.0
3.0,1.0,927.0,88.0,52.0,0.4,0.4,19803.0,23188.0,1.4,1102.0,1741247.0,1.0,96.0
4.0,0.0,2548.0,266.0,208.0,2.59,1.6,237912.0,20143.0,2.0,334.0,1014651.0,1.0,87.0
7.0,4.0,961.0,86.0,80.0,1.0,4.4,216565.0,145935.0,1.5,169.0,989717.0,1.0,89.0
5.0,4.0,227.0,25.0,23.0,0.4,0.4,33963.0,9561.0,1.0,161.0,1751249.0,1.0,97.0
2.0,0.0,446.0,41.0,35.0,2.0,2.0,67589.0,37736.0,2.2,479.0,1785278.0,1.0,87.0
29.0,15.0,2799.0,438.0,181.0,10.42,7.82,537341.0,148680.0,4.0,311.0,1007726.0,1.0,74.0
1.0,0.0,402.0,63.0,56.0,0.2,0.2,1691.0,8433.0,1.4,1359.0,1746139.0,1.0,95.0
16.0,1.0,3837.0,407.0,318.0,0.6,0.6,284022.0,299801.0,1.0,238.0,998360.0,1.0,82.0
5.0,2.0,1687.0,224.0,163.0,0.2,0.2,277479.0,103797.0,3.0,177.0,1062338.0,1.0,90.0
2.0,1.0,170.0,10.0,22.0,0.2,0.2,7416.0,12453.0,1.2,7386.0,1874944.0,1.0,98.0
7.0,1.0,2609.0,205.0,154.0,7.4,4.4,378761.0,58057.0,3.2,7873.0,1833518.0,1.0,79.0
251.0,191.0,2326.0,321.0,151.0,0.2,0.2,1017291.0,78778.0,1.8,408.0,1072592.0,1.0,88.0
12.0,5.0,1548.0,178.0,72.0,1.4,2.0,210346.0,213026.0,4.4,1990.0,1559387.0,1.0,93.0
1.0,1.0,246.0,44.0,26.0,0.2,0.2,23591.0,9714.0,1.2,8312.0,1835272.0,1.0,97.0
2.0,1.0,205.0,15.0,14.0,0.2,0.2,7018.0,2220.0,1.0,7547.0,1870232.0,1.0,98.0
9.0,2.0,2273.0,186.0,109.0,6.6,19.0,32197.0,17334.0,4.2,364.0,1094742.0,1.0,77.0
1.0,0.0,1272.0,132.0,96.0,0.6,1.2,264635.0,27883.0,1.0,1200.0,1131838.0,1.0,91.0
34.0,46.0,1888.0,171.0,118.0,1.2,3.01,30939.0,20025.0,2.0,332.0,1106624.0,1.0,88.0
1.0,1.0,1536.0,41.0,28.0,0.2,0.2,7532.0,9757.0,1.2,9006.0,1876935.0,1.0,93.0
0.0,0.0,2706.0,195.0,142.0,0.2,0.2,21387.0,27513.0,1.3,137.0,1050074.0,1.0,91.0
7.0,0.0,2365.0,205.0,176.0,3.0,1.8,74832.0,63129.0,1.0,482.0,1059445.0,1.0,85.0
51.0,65.0,5512.0,295.0,212.0,1.6,6.41,342079.0,135390.0,2.0,732.0,1000258.0,1.0,81.0
4.0,1.0,2931.0,123.0,77.0,1.4,5.4,189194.0,2538.0,3.2,582.0,1411947.0,1.0,90.0
6.0,0.0,4755.0,462.0,280.0,4.77,3.18,367389.0,252852.0,2.3,219.0,1118255.0,1.0,75.0
92.0,81.0,3244.0,231.0,156.0,7.98,19.56,110209.0,136276.0,2.8,266.0,1089792.0,1.0,67.0
40.0,0.0,2321.0,177.0,90.0,9.58,26.75,628741.0,44636.0,1.4,139.0,1093538.0,1.0,60.0
7.0,0.0,6644.0,1280.0,1233.0,6.6,1.8,1043946.0,877963.0,3.0,997.0,1118688.0,1.0,66.0
5.0,4.0,1874.0,122.0,91.0,0.2,0.2,99524.0,39946.0,2.0,428.0,987506.0,1.0,92.0
7.0,4.0,1282.0,314.0,118.0,0.6,0.6,937754.0,24186.0,1.2,144.0,989789.0,1.0,91.0
2.0,1.0,588.0,71.0,71.0,0.2,0.2,125736.0,83488.0,1.0,567.0,1062424.0,1.0,95.0
30.0,40.0,2497.0,85.0,155.0,0.4,1.8,6519.0,21026.0,3.2,1319.0,1724685.0,1.0,91.0
12.0,11.0,322.0,104.0,41.0,0.2,0.2,226226.0,150259.0,3.4,1417.0,1757259.0,1.0,98.0
22.0,13.0,1723.0,163.0,106.0,2.0,3.4,458095.0,178681.0,2436.0,82.0,16.0,1.0,0.0
2.0,1.0,1393.0,135.0,111.0,0.4,0.4,12864.0,54844.0,1.0,699.0,1062579.0,1.0,95.0
19.0,28.0,195.0,13.0,17.0,0.2,0.2,5112.0,44704.0,1.0,7480.0,1865456.0,1.0,98.0
3.0,1.0,888.0,52.0,60.0,1.4,0.8,17442.0,25811.0,1.0,2091.0,1072318.0,1.0,95.0
24.0,19.0,2241.0,149.0,130.0,4.0,4.8,281949.0,299215.0,1.5,1379.0,1020952.0,1.0,87.0
4.0,0.0,5308.0,213.0,116.0,3.99,6.99,211452.0,67544.0,4.2,329.0,1013876.0,1.0,80.0
3.0,1.0,544.0,92.0,73.0,1.8,1.8,247617.0,175885.0,2.0,3549.0,1822469.0,1.0,88.0
1.0,0.0,2590.0,87.0,73.0,0.2,0.2,57840.0,105459.0,2.6,776.0,1643104.0,1.0,95.0
5.0,0.0,1363.0,202.0,149.0,1.2,1.0,8169.0,26982.0,2.0,538.0,978795.0,1.0,92.0
1.0,0.0,1592.0,93.0,69.0,0.4,1.8,39733.0,37995.0,1.2,2906.0,1050522.0,1.0,94.0
41.0,56.0,1263.0,187.0,251.0,0.4,2.0,22737.0,139621.0,2.0,1223.0,1542449.0,1.0,92.0
10.0,1.0,1693.0,133.0,228.0,1.0,0.8,208049.0,85099.0,1.0,818.0,1042898.0,1.0,88.0
20.0,9.0,5998.0,660.0,226.0,2.2,4.79,194430.0,88620.0,2.2,1115.0,1018756.0,1.0,77.0
79.0,99.0,5994.0,583.0,323.0,2.2,4.19,202576.0,21233.0,5.4,752.0,1527609.0,1.0,75.0
7.0,5.0,719.0,88.0,96.0,0.8,0.8,26625.0,22985.0,1.5,708.0,991186.0,1.0,94.0
18.0,5.0,7786.0,298.0,228.0,1.6,3.6,123860.0,36841.0,3.2,211.0,1447189.0,1.0,75.0
14.0,8.0,5333.0,193.0,128.0,3.58,11.93,46335.0,36128.0,3.4,997.0,1530475.0,1.0,75.0
1.0,0.0,519.0,34.0,29.0,2.0,1.6,18989.0,18822.0,2.0,977.0,1765294.0,1.0,88.0
4.0,1.0,1245.0,115.0,82.0,2.0,0.8,147312.0,16759.0,1.0,1089.0,1062110.0,1.0,93.0
5.0,1.0,734.0,71.0,80.0,0.4,0.4,17817.0,27947.0,1.0,834.0,1035170.0,1.0,96.0
6.0,1.0,1434.0,154.0,101.0,2.6,5.8,53733.0,35765.0,1.0,2943.0,1011101.0,1.0,89.0
48.0,61.0,1313.0,149.0,53.0,0.8,0.8,800155.0,47478.0,2.8,579.0,1513722.0,1.0,89.0
0.0,0.0,596.0,45.0,196.0,0.2,0.2,6815.0,223361.0,1.0,165.0,1749568.0,1.0,96.0
16.0,0.0,2382.0,128.0,77.0,7.41,20.64,90058.0,25881.0,1.0,471.0,1079901.0,1.0,72.0
13.0,6.0,3424.0,339.0,296.0,4.0,3.4,276177.0,235290.0,3.6,362.0,1376770.0,1.0,78.0
5.0,0.0,2232.0,198.0,92.0,3.8,4.8,278965.0,45357.0,1.0,255.0,1031590.0,1.0,84.0
1.0,0.0,840.0,48.0,46.0,0.2,0.2,2048.0,13725.0,1.2,317.0,1018052.0,1.0,97.0
1.0,1.0,160.0,14.0,16.0,0.2,0.2,7007.0,8363.0,1.0,8496.0,1866056.0,1.0,98.0
1.0,0.0,1195.0,52.0,68.0,0.2,0.2,19030.0,47276.0,3.0,192.0,1719048.0,1.0,97.0
0.0,0.0,2310.0,163.0,61.0,0.2,0.2,8993.0,50725.0,2.0,1378.0,1753942.0,1.0,91.0
3.0,0.0,2334.0,367.0,305.0,1.8,2.0,226808.0,102677.0,2.6,238.0,1692817.0,1.0,85.0
1.0,0.0,1333.0,114.0,62.0,0.2,0.2,141952.0,21894.0,1.5,140.0,1034957.0,1.0,93.0
3.0,1.0,1002.0,86.0,108.0,0.6,1.6,50946.0,131296.0,2.8,940.0,1540130.0,1.0,94.0
3.0,1.0,3745.0,155.0,180.0,0.2,0.2,17499.0,102233.0,1.0,684.0,1061171.0,1.0,91.0
14.0,19.0,440.0,28.0,92.0,1.2,1.2,53079.0,609753.0,2.2,283.0,1783810.0,1.0,80.0
41.0,58.0,4876.0,270.0,204.0,0.2,0.2,63051.0,106043.0,1.6,296.0,1067949.0,1.0,86.0
40.0,50.0,1809.0,610.0,57.0,2.8,4.4,555730.0,378487.0,2.6,229.0,1757285.0,1.0,84.0
462.0,42.0,3683.0,173.0,164.0,1.0,3.0,22304.0,120135.0,1.5,1178.0,1070446.0,1.0,81.0
12.0,1.0,3220.0,146.0,141.0,1.8,4.4,124696.0,61614.0,4.4,508.0,1445163.0,1.0,90.0
5.0,4.0,1451.0,110.0,60.0,0.2,0.0,18364.0,26638.0,1.0,713.0,990247.0,1.0,95.0
7.0,3.0,2304.0,99.0,69.0,0.6,0.6,146483.0,27071.0,2.2,6239.0,1721694.0,1.0,92.0
6.0,0.0,865.0,121.0,63.0,0.6,0.6,376896.0,21455.0,1.6,151.0,1740303.0,1.0,87.0
2.0,1.0,2552.0,179.0,122.0,0.6,2.0,55959.0,40816.0,2.2,432.0,1532312.0,1.0,91.0
30.0,43.0,848.0,126.0,41.0,1.2,1.0,39046.0,8223.0,2.2,787.0,1706722.0,1.0,93.0
22.0,18.0,1067.0,86.0,74.0,2.0,2.2,97803.0,45412.0,1.8,557.0,1017241.0,1.0,84.0
0.0,0.0,160.0,13.0,18.0,0.2,0.2,2085.0,4636.0,1.0,7426.0,1866406.0,1.0,98.0
4.0,1.0,572.0,74.0,30.0,2.6,2.6,273984.0,39153.0,2.4,11040.0,1872051.0,1.0,84.0
6.0,1.0,5646.0,966.0,814.0,4.6,1.4,139644.0,30990.0,2.8,864.0,1721136.0,1.0,75.0
1.0,1.0,185.0,11.0,14.0,0.2,0.2,6992.0,13238.0,1.0,7278.0,1860096.0,1.0,98.0
88.0,121.0,3171.0,171.0,111.0,0.6,0.6,107282.0,77941.0,6.2,300.0,1309459.0,1.0,92.0
11.0,7.0,3199.0,409.0,208.0,1.0,1.2,144553.0,64604.0,1.4,250.0,967437.0,1.0,84.0
0.0,0.0,2253.0,188.0,136.0,0.2,0.2,67816.0,70543.0,2.2,170.0,1765675.0,1.0,86.0
15.0,12.0,3367.0,190.0,130.0,2.2,4.0,207205.0,137147.0,1.0,427.0,987661.0,1.0,84.0
2.0,1.0,268.0,42.0,15.0,0.2,0.2,259709.0,14607.0,1.4,6764.0,1875640.0,1.0,97.0
11.0,2.0,1687.0,76.0,115.0,0.4,0.4,76103.0,93789.0,1.0,631.0,1068366.0,1.0,93.0
53.0,72.0,2053.0,321.0,159.0,0.4,0.6,514922.0,29391.0,2.5,168.0,1130139.0,1.0,83.0
23.0,18.0,1962.0,62.0,69.0,1.0,1.0,101240.0,69589.0,3.2,8202.0,1404438.0,1.0,90.0
2.0,0.0,817.0,43.0,73.0,0.4,0.8,102203.0,26343.0,1.3,494.0,1014829.0,1.0,96.0
69.0,80.0,4765.0,867.0,732.0,0.2,0.2,683248.0,614527.0,4.0,146.0,1397720.0,1.0,86.0
4.0,2.0,1806.0,97.0,69.0,0.6,5.4,4959.0,7334.0,2.2,474.0,1383408.0,1.0,93.0
1.0,0.0,1818.0,88.0,67.0,0.2,0.2,5125.0,19491.0,2.0,167.0,1073796.0,1.0,96.0
5.0,0.0,3820.0,374.0,323.0,5.01,2.2,179440.0,20591.0,1.6,346.0,1731747.0,1.0,79.0
51.0,43.0,2855.0,338.0,262.0,7.2,5.2,224173.0,133492.0,1.5,231.0,960576.0,1.0,77.0
1.0,0.0,570.0,63.0,42.0,0.2,0.2,63967.0,31511.0,2.4,3041.0,1707746.0,1.0,96.0
50.0,68.0,2487.0,124.0,80.0,0.2,0.2,12574.0,22433.0,3.4,303.0,1018837.0,1.0,91.0
53.0,79.0,2675.0,162.0,110.0,0.6,0.8,191280.0,45919.0,2.7,1482.0,1042862.0,1.0,83.0
10.0,4.0,3734.0,212.0,168.0,1.2,1.0,197813.0,112160.0,2.0,1446.0,1110237.0,1.0,87.0
1.0,0.0,3002.0,255.0,182.0,0.2,0.2,43151.0,35724.0,2.5,191.0,992311.0,1.0,89.0
6.0,6.0,1274.0,283.0,316.0,0.4,0.4,63796.0,601041.0,1.5,658.0,960246.0,1.0,92.0
0.0,0.0,219.0,25.0,23.0,0.2,0.2,754.0,5505.0,1.0,585.0,1736176.0,1.0,98.0
55.0,84.0,5106.0,321.0,215.0,0.2,0.2,29564.0,40148.0,2.5,1119.0,981289.0,1.0,85.0
29.0,39.0,452.0,62.0,44.0,1.8,1.8,66490.0,41917.0,1.8,399.0,1801952.0,1.0,84.0
2.0,0.0,1861.0,223.0,120.0,0.8,0.6,232693.0,29510.0,2.2,434.0,1104610.0,1.0,92.0
0.0,0.0,225.0,50.0,30.0,0.2,0.2,312021.0,297905.0,2.2,1314.0,1762008.0,1.0,98.0
0.0,0.0,179.0,11.0,25.0,0.2,0.2,12930.0,29466.0,1.0,2831.0,1770204.0,1.0,97.0
11.0,5.0,1522.0,244.0,123.0,0.8,1.0,140661.0,21563.0,2.2,167.0,977813.0,1.0,93.0
54.0,1.0,4530.0,516.0,199.0,13.37,33.53,179195.0,43512.0,2.8,165.0,1099238.0,1.0,50.0
6.0,0.0,1146.0,99.0,53.0,2.8,5.2,216282.0,21654.0,1.6,911.0,1065722.0,1.0,87.0
16.0,2.0,7472.0,815.0,570.0,12.77,9.98,428576.0,117636.0,1.0,274.0,996176.0,1.0,55.0
2.0,1.0,5919.0,314.0,357.0,1.2,1.2,262742.0,668483.0,2.0,283.0,980139.0,1.0,76.0
0.0,0.0,1385.0,56.0,52.0,0.2,0.2,12446.0,20066.0,1.0,149.0,1750992.0,1.0,97.0
0.0,0.0,484.0,37.0,29.0,0.2,0.2,7835.0,10182.0,1.0,180.0,1746769.0,1.0,98.0
11.0,4.0,1917.0,199.0,116.0,1.8,3.2,219990.0,38219.0,2.0,159.0,1112970.0,1.0,84.0
6.0,4.0,2573.0,189.0,118.0,0.6,0.6,107287.0,30575.0,1.4,1107.0,975696.0,1.0,90.0
13.0,13.0,1542.0,149.0,70.0,0.2,0.2,225431.0,55270.0,1.0,179.0,1074454.0,1.0,92.0
47.0,65.0,2181.0,78.0,86.0,0.2,0.2,16114.0,88636.0,2.4,760.0,1645581.0,1.0,95.0
16.0,13.0,896.0,72.0,69.0,0.6,2.0,146207.0,99210.0,3.8,973.0,1541157.0,1.0,84.0
12.0,5.0,2517.0,419.0,171.0,1.8,4.2,1084295.0,281753.0,146.0,81.0,19.0,1.0,0.0
3.0,1.0,860.0,141.0,69.0,0.8,0.8,146075.0,148050.0,4.0,828.0,1746520.0,1.0,95.0
1.0,1.0,218.0,29.0,27.0,0.2,0.2,17759.0,14246.0,1.0,8747.0,1835080.0,1.0,97.0
27.0,32.0,2899.0,249.0,194.0,3.19,2.4,72150.0,117011.0,2.0,361.0,1059804.0,1.0,82.0
7.0,1.0,1446.0,153.0,121.0,7.0,5.6,251907.0,11167.0,1.6,8378.0,1834694.0,1.0,83.0
1.0,0.0,1448.0,150.0,127.0,0.2,0.2,8504.0,54101.0,1.0,1167.0,1068462.0,1.0,92.0
44.0,2.0,4527.0,402.0,224.0,5.4,15.2,319514.0,58917.0,3.5,132.0,1097944.0,1.0,69.0
19.0,4.0,2798.0,511.0,271.0,1.6,1.8,238944.0,99836.0,4.0,2657.0,1538936.0,1.0,87.0
8.0,2.0,2995.0,201.0,168.0,1.2,3.4,63991.0,34680.0,2.0,1964.0,969021.0,1.0,88.0
16.0,0.0,1404.0,131.0,100.0,3.4,4.0,71028.0,29572.0,1.5,145.0,1058082.0,1.0,84.0
5.0,0.0,3054.0,371.0,292.0,0.8,2.0,137772.0,125680.0,1.3,131.0,980881.0,1.0,82.0
32.0,42.0,1405.0,80.0,52.0,3.0,9.0,831099.0,21519.0,1.8,748.0,1089336.0,1.0,84.0
0.0,0.0,182.0,16.0,30.0,0.2,0.2,10672.0,35469.0,1.0,2698.0,1771613.0,1.0,97.0
29.0,28.0,1124.0,120.0,92.0,0.4,1.6,95071.0,14653.0,4.0,4812.0,1671920.0,1.0,84.0
1.0,0.0,1054.0,295.0,248.0,0.2,0.2,91696.0,28858.0,2.0,407.0,1693584.0,1.0,94.0
7.0,0.0,2385.0,194.0,133.0,6.0,5.0,541218.0,290033.0,5.2,1975.0,1724125.0,1.0,82.0
11.0,0.0,2009.0,408.0,281.0,5.0,4.2,418070.0,61161.0,4.4,427.0,1721011.0,1.0,75.0
23.0,3.0,2408.0,276.0,176.0,2.4,2.2,152134.0,48956.0,2.0,112.0,979309.0,1.0,85.0
31.0,47.0,761.0,57.0,45.0,0.2,0.2,1304.0,15389.0,5.2,397.0,1010637.0,1.0,96.0
24.0,15.0,3210.0,228.0,191.0,6.81,18.64,232219.0,100561.0,1.0,192.0,1093629.0,1.0,74.0
3.0,2.0,996.0,88.0,68.0,0.2,0.2,1718.0,15568.0,2.3,1551.0,1026145.0,1.0,97.0
5.0,1.0,1300.0,179.0,159.0,3.8,2.0,90738.0,6911.0,2.0,7346.0,1864166.0,1.0,91.0
7.0,0.0,3313.0,416.0,319.0,7.0,2.0,191003.0,12980.0,4.0,506.0,1745051.0,1.0,76.0
19.0,7.0,2115.0,255.0,97.0,3.2,3.4,184244.0,138777.0,4.0,2538.0,1577461.0,1.0,87.0
20.0,0.0,4094.0,357.0,261.0,4.0,1.8,438359.0,122338.0,1.2,1086.0,1057803.0,1.0,81.0
13.0,12.0,6369.0,529.0,171.0,0.2,0.2,201569.0,142415.0,1.8,208.0,1007290.0,1.0,85.0
0.0,0.0,539.0,72.0,37.0,0.2,0.2,1970.0,4897.0,2.2,1366.0,1713440.0,1.0,95.0
0.0,0.0,209.0,16.0,29.0,0.2,0.2,5044.0,10538.0,2.6,2430.0,1772118.0,1.0,92.0
71.0,80.0,1052.0,221.0,157.0,0.4,0.4,145004.0,48770.0,896.0,89.0,11.0,1.0,0.0
0.0,0.0,246.0,46.0,17.0,0.2,0.2,252455.0,4969.0,1.2,7290.0,1860126.0,1.0,98.0
5.0,2.0,3810.0,254.0,229.0,1.2,1.4,176156.0,250947.0,3.6,700.0,1386723.0,1.0,87.0
17.0,5.0,2435.0,162.0,124.0,0.8,0.8,113728.0,69800.0,1.5,255.0,1070645.0,1.0,90.0
8.0,2.0,2143.0,153.0,64.0,6.4,23.2,173702.0,24454.0,1.0,204.0,1036819.0,1.0,75.0
1.0,0.0,219.0,22.0,18.0,0.2,0.2,18596.0,19607.0,1.0,2814.0,1775373.0,1.0,96.0
20.0,5.0,4567.0,393.0,320.0,3.6,5.0,240737.0,66407.0,3.6,777.0,972827.0,1.0,79.0
37.0,42.0,1295.0,52.0,52.0,0.2,0.2,16813.0,20187.0,1.2,297.0,1738584.0,1.0,89.0
19.0,9.0,3744.0,393.0,329.0,6.8,4.4,209666.0,21515.0,1.3,235.0,1073950.0,1.0,80.0
230.0,227.0,5281.0,472.0,439.0,0.4,1.8,556076.0,308309.0,5.0,1135.0,1334136.0,1.0,82.0
102.0,44.0,7489.0,546.0,411.0,2.0,4.79,711691.0,148758.0,2.4,428.0,1034216.0,1.0,74.0
1.0,1.0,1072.0,58.0,44.0,0.2,0.2,261668.0,133124.0,1.8,8228.0,1863022.0,1.0,97.0
66.0,80.0,2306.0,159.0,468.0,1.6,3.6,173555.0,40022.0,1.2,213.0,1012886.0,1.0,88.0
19.0,13.0,2317.0,340.0,164.0,5.6,17.2,946400.0,24496.0,3.0,705.0,1098512.0,1.0,78.0
1.0,0.0,756.0,44.0,33.0,0.2,0.2,19561.0,13898.0,1.0,520.0,993283.0,1.0,97.0
7.0,3.0,2045.0,79.0,95.0,1.0,0.6,235236.0,89622.0,7.4,155.0,1300490.0,1.0,88.0
20.0,13.0,3365.0,234.0,156.0,1.8,1.6,377760.0,208093.0,6.8,374.0,1304400.0,1.0,82.0
30.0,6.0,5661.0,339.0,186.0,5.19,10.98,275673.0,49066.0,4.0,144.0,1456497.0,1.0,73.0
11.0,16.0,317.0,89.0,35.0,0.2,0.2,66227.0,57424.0,1.0,6846.0,1857446.0,1.0,96.0
1.0,1.0,233.0,17.0,36.0,0.2,0.2,7626.0,33913.0,1.0,9203.0,1863840.0,1.0,98.0
0.0,0.0,166.0,10.0,14.0,0.2,0.2,425.0,9930.0,1.0,7202.0,1874064.0,1.0,98.0
6.0,4.0,1969.0,259.0,119.0,1.6,4.2,1036736.0,75725.0,1.0,633.0,1037386.0,1.0,89.0
3.0,1.0,714.0,34.0,15.0,2.61,2.81,70079.0,17335.0,1.0,11420.0,1884933.0,1.0,90.0
20.0,5.0,3424.0,638.0,278.0,5.2,2.8,836291.0,568945.0,841.0,82.0,18.0,1.0,0.0
13.0,0.0,3583.0,179.0,136.0,1.39,1.59,170092.0,94875.0,3.2,566.0,1059437.0,1.0,83.0
5.0,0.0,1812.0,99.0,55.0,5.0,3.2,78722.0,14526.0,1.4,1832.0,1753208.0,1.0,89.0
4.0,1.0,921.0,59.0,29.0,3.0,3.4,100187.0,8096.0,1.0,858.0,1754422.0,1.0,93.0
4.0,2.0,817.0,52.0,62.0,0.4,0.4,8453.0,46857.0,2.2,183.0,1523678.0,1.0,97.0
2.0,0.0,1196.0,109.0,103.0,0.4,2.2,11692.0,45527.0,3.8,215.0,1055501.0,1.0,93.0
0.0,0.0,360.0,126.0,47.0,0.4,0.4,150266.0,151116.0,3.0,1817.0,1759117.0,1.0,97.0
42.0,55.0,3949.0,249.0,244.0,2.6,4.6,197289.0,529200.0,3.4,331.0,1013805.0,1.0,79.0
20.0,0.0,3711.0,291.0,167.0,1.8,1.8,428180.0,32595.0,1.2,131.0,1054350.0,1.0,86.0
2.0,1.0,2600.0,94.0,99.0,0.2,0.2,10046.0,93986.0,2.0,1346.0,1544528.0,1.0,93.0
5.0,0.0,1189.0,113.0,70.0,0.2,0.2,151043.0,66978.0,1.6,130.0,1108072.0,1.0,89.0
2.0,0.0,325.0,44.0,36.0,0.8,0.8,11252.0,11785.0,2.0,3173.0,1708285.0,1.0,97.0
20.0,30.0,1889.0,127.0,113.0,0.2,0.2,76661.0,106567.0,1.5,202.0,1118800.0,1.0,89.0
0.0,0.0,328.0,48.0,44.0,0.2,0.2,139217.0,9468.0,2.0,621.0,1758632.0,1.0,88.0
25.0,36.0,1039.0,112.0,45.0,0.8,1.2,243641.0,36586.0,2.0,581.0,1749042.0,1.0,87.0
7.0,0.0,1648.0,87.0,34.0,5.6,21.4,160372.0,9952.0,2.2,791.0,1750378.0,1.0,75.0
0.0,0.0,2281.0,102.0,142.0,0.2,0.2,5975.0,20690.0,2.0,843.0,1721008.0,1.0,95.0
5.0,3.0,1507.0,196.0,146.0,1.4,2.4,355598.0,323470.0,2.8,594.0,1722392.0,1.0,82.0
1.0,0.0,912.0,43.0,41.0,0.6,1.4,1609.0,7270.0,2.0,2109.0,1719680.0,1.0,96.0
2.0,0.0,944.0,71.0,288.0,2.0,2.0,78629.0,86668.0,1.6,2471.0,1820541.0,1.0,83.0
2.0,0.0,410.0,34.0,44.0,1.8,1.8,42883.0,56980.0,1.2,6441.0,1851192.0,1.0,91.0
2.0,2.0,614.0,34.0,31.0,0.4,0.4,33362.0,17996.0,2.0,903.0,1074280.0,1.0,96.0
50.0,66.0,2373.0,147.0,91.0,2.2,2.2,199369.0,78755.0,2.6,703.0,1537453.0,1.0,89.0
7.0,0.0,3155.0,427.0,411.0,6.99,20.16,327445.0,165154.0,2.2,205.0,1075369.0,1.0,72.0
3.0,1.0,1051.0,93.0,36.0,0.6,0.6,113167.0,102455.0,4.6,1965.0,1558918.0,1.0,96.0
78.0,78.0,3726.0,204.0,189.0,6.4,5.0,163664.0,109771.0,1.0,158.0,1072146.0,1.0,77.0
36.0,22.0,6385.0,642.0,310.0,3.0,9.2,145688.0,17661.0,5.0,383.0,1535890.0,1.0,72.0
7.0,1.0,948.0,111.0,48.0,1.6,3.4,324006.0,3073.0,2.6,6213.0,1731014.0,1.0,90.0
42.0,0.0,3166.0,179.0,114.0,11.8,35.8,108799.0,28442.0,3.0,494.0,1106408.0,1.0,62.0
23.0,4.0,2637.0,398.0,298.0,5.99,3.19,197373.0,44202.0,1.4,585.0,1022631.0,1.0,74.0
1.0,0.0,2488.0,130.0,165.0,0.6,0.6,162018.0,30392.0,2.8,3857.0,1716347.0,1.0,89.0
38.0,30.0,5991.0,289.0,193.0,5.8,6.0,401075.0,205417.0,2.3,213.0,1015771.0,1.0,71.0
16.0,11.0,1316.0,85.0,97.0,0.8,0.6,42652.0,102052.0,2.4,590.0,1514522.0,1.0,90.0
12.0,10.0,2084.0,261.0,154.0,1.6,2.0,733109.0,679579.0,3.8,2351.0,1034834.0,1.0,85.0
4.0,2.0,4612.0,375.0,277.0,0.4,0.4,121653.0,111117.0,1.0,336.0,1070258.0,1.0,88.0
11.0,3.0,813.0,33.0,44.0,0.6,0.6,6232.0,14433.0,1.5,730.0,989538.0,1.0,95.0
156.0,164.0,5119.0,328.0,242.0,2.6,1.4,270639.0,219650.0,3.8,178.0,1328544.0,1.0,77.0
5.0,3.0,1714.0,87.0,54.0,1.4,1.4,33334.0,20103.0,2.5,709.0,1067816.0,1.0,92.0
2.0,0.0,3542.0,293.0,178.0,0.8,0.4,27494.0,42157.0,2.0,206.0,1137126.0,1.0,87.0
22.0,0.0,2209.0,254.0,166.0,4.8,4.2,145759.0,100835.0,2.6,150.0,1061107.0,1.0,76.0
7.0,0.0,1512.0,276.0,116.0,4.2,2.6,1313197.0,44146.0,6.0,338.0,1700651.0,1.0,84.0
23.0,32.0,217.0,16.0,38.0,0.2,0.2,9475.0,14828.0,1.0,7294.0,1875112.0,1.0,98.0
1.0,0.0,1552.0,104.0,135.0,0.2,0.2,9644.0,30750.0,1.0,190.0,1046680.0,1.0,96.0
75.0,68.0,2224.0,308.0,265.0,6.4,5.8,211609.0,159046.0,1.0,181.0,960515.0,1.0,80.0
26.0,1.0,5901.0,754.0,581.0,10.22,2.81,975989.0,30641.0,3.0,191.0,1081557.0,1.0,67.0
0.0,0.0,241.0,25.0,38.0,0.2,0.2,15975.0,105114.0,2.0,155.0,1741774.0,1.0,92.0
12.0,10.0,998.0,40.0,48.0,1.4,3.6,91235.0,37368.0,1.5,491.0,1065987.0,1.0,85.0
0.0,0.0,2358.0,254.0,186.0,0.2,0.2,128305.0,68723.0,1.7,275.0,1018675.0,1.0,90.0
2.0,1.0,1335.0,151.0,122.0,0.8,5.0,66706.0,43887.0,1.0,365.0,1031246.0,1.0,91.0
1.0,0.0,3289.0,96.0,87.0,0.4,0.6,9591.0,19138.0,1.8,1352.0,1749926.0,1.0,85.0
0.0,0.0,189.0,27.0,34.0,0.2,0.2,772.0,18709.0,1.2,1334.0,1761776.0,1.0,97.0
19.0,14.0,3611.0,152.0,112.0,0.6,0.6,182337.0,50411.0,1.2,1070.0,1012917.0,1.0,86.0
2.0,2.0,7028.0,361.0,221.0,0.2,0.2,38090.0,64418.0,2.6,158.0,1137550.0,1.0,84.0
2.0,1.0,172.0,12.0,12.0,0.2,0.2,6991.0,2794.0,1.0,8498.0,1866072.0,1.0,98.0
0.0,0.0,886.0,105.0,62.0,0.2,0.2,5502.0,23118.0,2.2,262.0,1757120.0,1.0,93.0
2.0,0.0,834.0,70.0,60.0,0.4,1.8,20692.0,22085.0,1.2,1082.0,1018774.0,1.0,95.0
2.0,1.0,569.0,88.0,36.0,0.2,0.2,286993.0,4202.0,1.6,1143.0,1744085.0,1.0,94.0
10.0,1.0,3819.0,367.0,252.0,3.39,2.59,142268.0,83109.0,2.2,664.0,1525033.0,1.0,85.0
5.0,0.0,1649.0,554.0,19.0,3.61,5.01,206447.0,4026.0,1.6,8589.0,1870285.0,1.0,89.0
7.0,1.0,2139.0,329.0,127.0,2.8,3.6,1001902.0,34497.0,1.2,2376.0,1090363.0,1.0,83.0
1.0,1.0,256.0,18.0,20.0,0.4,1.0,23745.0,11954.0,1.2,3719.0,1849424.0,1.0,98.0
14.0,14.0,1499.0,125.0,75.0,0.8,0.8,156488.0,21855.0,1.0,1443.0,1083232.0,1.0,90.0
14.0,10.0,2275.0,312.0,228.0,3.21,1.2,565950.0,400919.0,3.4,3791.0,1041151.0,1.0,80.0
17.0,2.0,1109.0,117.0,99.0,2.0,2.6,104225.0,45581.0,546.0,90.0,10.0,1.0,0.0
121.0,92.0,2108.0,256.0,194.0,6.8,20.8,377607.0,105842.0,184.0,76.0,23.0,1.0,0.0
5.0,0.0,1888.0,248.0,215.0,6.2,1.8,216420.0,39346.0,4.6,1628.0,1757696.0,1.0,80.0
1.0,1.0,249.0,34.0,27.0,0.2,0.2,91624.0,10687.0,1.4,7600.0,1869464.0,1.0,97.0
2.0,1.0,766.0,179.0,73.0,0.2,0.2,444620.0,202863.0,1.4,8331.0,1837272.0,1.0,93.0
15.0,21.0,213.0,26.0,17.0,0.2,0.2,84647.0,4861.0,1.0,7385.0,1865600.0,1.0,97.0
8.0,3.0,3502.0,574.0,195.0,3.4,6.6,1322699.0,41747.0,2.8,146.0,1095131.0,1.0,78.0
28.0,1.0,4700.0,385.0,179.0,6.4,9.8,156781.0,63261.0,4.0,734.0,1629358.0,1.0,75.0
77.0,101.0,2680.0,373.0,289.0,3.19,2.99,276666.0,110753.0,109.0,77.0,23.0,1.0,0.0
16.0,5.0,3116.0,289.0,190.0,0.6,0.6,325948.0,52640.0,1.0,400.0,969106.0,1.0,87.0
4.0,3.0,2807.0,324.0,177.0,1.2,2.81,31280.0,26717.0,2.6,138.0,1060800.0,1.0,90.0
46.0,2.0,4418.0,292.0,229.0,6.96,20.08,40625.0,25738.0,2.6,1416.0,1102454.0,1.0,72.0
8.0,6.0,1572.0,121.0,123.0,0.4,0.4,25373.0,68247.0,4.8,360.0,1101980.0,1.0,93.0
1.0,1.0,166.0,10.0,13.0,0.0,0.0,7601.0,43378.0,1.0,7065.0,1854920.0,1.0,97.0
36.0,55.0,1563.0,65.0,56.0,0.4,0.4,4148.0,17343.0,1.0,2915.0,1011784.0,1.0,94.0
24.0,3.0,4316.0,371.0,301.0,5.2,3.8,140241.0,105211.0,4.2,3744.0,1549013.0,1.0,79.0
9.0,2.0,2682.0,376.0,330.0,6.8,2.0,204365.0,6143.0,2.6,6626.0,1872949.0,1.0,83.0
10.0,9.0,579.0,87.0,71.0,0.6,2.0,22680.0,20401.0,2.6,843.0,1008656.0,1.0,96.0
11.0,16.0,161.0,10.0,18.0,0.2,0.2,8627.0,10411.0,1.0,7306.0,1873272.0,1.0,97.0
0.0,0.0,1140.0,228.0,133.0,0.4,0.2,27082.0,33187.0,1.6,1650.0,1766666.0,1.0,87.0
110.0,127.0,5176.0,272.0,172.0,0.2,0.2,238224.0,222016.0,3.8,1505.0,1326022.0,1.0,87.0
37.0,41.0,1858.0,84.0,69.0,0.4,0.8,7765.0,60755.0,2.0,833.0,1643795.0,1.0,94.0
1.0,0.0,1899.0,128.0,112.0,1.0,1.6,19624.0,26141.0,2.0,934.0,1096898.0,1.0,89.0
66.0,35.0,2183.0,133.0,124.0,0.2,0.2,74204.0,52963.0,3.8,474.0,1326890.0,1.0,93.0
5.0,4.0,1550.0,257.0,127.0,0.2,0.2,10676.0,41599.0,2.2,1130.0,969322.0,1.0,92.0
7.0,1.0,1280.0,91.0,50.0,1.8,3.0,131362.0,16863.0,916.0,93.0,7.0,1.0,0.0
8.0,2.0,1388.0,190.0,158.0,1.0,0.8,1087958.0,385189.0,1.0,136.0,1059101.0,1.0,84.0
2.0,0.0,2991.0,196.0,151.0,0.6,2.6,279677.0,33378.0,2.0,779.0,1108133.0,1.0,88.0
3.0,1.0,2518.0,121.0,165.0,0.4,0.2,125959.0,18110.0,3.0,384.0,1704326.0,1.0,93.0
1.0,0.0,2195.0,206.0,193.0,0.2,0.2,147433.0,58559.0,1.0,257.0,1040781.0,1.0,91.0
6.0,0.0,2901.0,391.0,235.0,5.4,3.0,899023.0,23670.0,4.0,2988.0,1769106.0,1.0,77.0
33.0,40.0,1774.0,89.0,57.0,0.6,0.6,209087.0,17601.0,1.0,6845.0,1864867.0,1.0,93.0
15.0,11.0,5885.0,231.0,159.0,0.8,3.2,224023.0,51705.0,1.6,150.0,1006387.0,1.0,81.0
6.0,1.0,4146.0,248.0,164.0,6.8,7.2,452773.0,119655.0,1.4,787.0,996381.0,1.0,74.0
2.0,1.0,510.0,23.0,24.0,0.6,2.2,18019.0,9643.0,1.8,6236.0,1832586.0,1.0,88.0
8.0,1.0,2702.0,414.0,340.0,4.6,3.8,173275.0,127401.0,2.0,988.0,1015205.0,1.0,79.0
6.0,0.0,2246.0,70.0,64.0,1.4,7.8,62874.0,3089.0,4.6,922.0,1631942.0,1.0,95.0
5.0,2.0,2929.0,387.0,204.0,2.6,2.6,288065.0,215294.0,2.0,315.0,1130874.0,1.0,81.0
4.0,1.0,2984.0,276.0,176.0,1.2,1.2,134618.0,58090.0,1.5,478.0,1081077.0,1.0,90.0
8.0,2.0,3309.0,503.0,365.0,4.17,2.78,827279.0,223918.0,2.0,747.0,1112439.0,1.0,81.0
3.0,1.0,995.0,110.0,74.0,1.4,0.6,191157.0,15389.0,1.0,497.0,1012941.0,1.0,95.0
33.0,28.0,5504.0,439.0,253.0,3.4,4.2,395654.0,70646.0,2.0,204.0,1134814.0,1.0,72.0
23.0,14.0,4784.0,385.0,228.0,3.2,6.8,313076.0,216093.0,2.5,680.0,1017240.0,1.0,83.0
8.0,4.0,2803.0,125.0,72.0,0.6,2.2,147274.0,25176.0,170.0,91.0,9.0,1.0,0.0
22.0,14.0,6101.0,320.0,204.0,1.0,1.8,181939.0,49527.0,1.8,274.0,987613.0,1.0,77.0
4.0,1.0,1574.0,92.0,67.0,0.4,0.4,317762.0,40053.0,3.6,681.0,1529123.0,1.0,94.0
1.0,0.0,346.0,58.0,47.0,0.2,0.2,59213.0,45801.0,2.0,903.0,1716584.0,1.0,97.0
73.0,94.0,2073.0,188.0,208.0,1.0,1.4,27350.0,111966.0,1.4,1126.0,1052686.0,1.0,90.0
7.0,0.0,2671.0,136.0,88.0,6.0,17.8,722814.0,19079.0,3.0,188.0,1087662.0,1.0,75.0
2.0,0.0,3122.0,276.0,175.0,0.4,0.4,42658.0,49244.0,2.0,355.0,1077730.0,1.0,92.0
1.0,0.0,1182.0,41.0,35.0,0.2,0.2,1195.0,4803.0,2.0,6187.0,1726776.0,1.0,98.0
1.0,0.0,1817.0,181.0,132.0,0.4,0.6,320521.0,158073.0,1.6,132.0,1121385.0,1.0,88.0
1.0,0.0,2666.0,245.0,150.0,0.2,0.2,91155.0,77414.0,1.5,497.0,1058100.0,1.0,84.0
8.0,1.0,4813.0,473.0,339.0,4.8,1.4,228953.0,24687.0,2.4,544.0,988722.0,1.0,78.0
5.0,4.0,1145.0,177.0,82.0,0.2,0.2,268645.0,18606.0,1.5,614.0,984304.0,1.0,94.0
5.0,1.0,3552.0,237.0,126.0,0.8,0.4,33094.0,56108.0,2.4,156.0,1018071.0,1.0,84.0
3.0,1.0,2428.0,149.0,108.0,0.4,0.4,20081.0,174651.0,2.4,237.0,1519549.0,1.0,94.0
5.0,1.0,1490.0,172.0,82.0,2.2,2.2,462717.0,19436.0,1.0,162.0,977095.0,1.0,89.0
49.0,62.0,2358.0,230.0,162.0,1.2,1.4,247357.0,164069.0,2.8,1145.0,1524292.0,1.0,85.0
1.0,0.0,4813.0,428.0,200.0,0.4,1.0,37103.0,65163.0,1.0,253.0,1129515.0,1.0,85.0
1.0,0.0,1634.0,172.0,75.0,0.2,0.2,122879.0,14839.0,2.4,6077.0,1715483.0,1.0,96.0
5.0,1.0,2122.0,144.0,142.0,1.0,2.2,158643.0,53503.0,5.6,2202.0,1369078.0,1.0,91.0
1.0,0.0,864.0,67.0,65.0,0.2,0.2,4103.0,20315.0,3.8,232.0,1087649.0,1.0,97.0
7.0,3.0,3030.0,238.0,120.0,1.4,1.4,261528.0,35193.0,1.0,1746.0,1091978.0,1.0,85.0
95.0,82.0,1567.0,170.0,114.0,0.8,0.8,245713.0,56190.0,1.0,637.0,992291.0,1.0,91.0
0.0,0.0,765.0,81.0,62.0,0.2,0.2,34390.0,36627.0,1.2,1723.0,1771888.0,1.0,91.0
16.0,12.0,650.0,240.0,70.0,2.0,2.0,344785.0,290625.0,2.6,5670.0,1832144.0,1.0,93.0
3.0,0.0,677.0,95.0,48.0,3.2,3.2,385542.0,261097.0,2.6,3915.0,1810822.0,1.0,80.0
23.0,21.0,2458.0,180.0,137.0,0.4,0.4,11664.0,33798.0,362.0,94.0,6.0,1.0,0.0
38.0,48.0,3077.0,321.0,197.0,0.8,1.6,314835.0,136734.0,5.4,2886.0,1545778.0,1.0,88.0
178.0,192.0,2040.0,142.0,115.0,2.0,4.4,73754.0,79125.0,2.5,348.0,1025120.0,1.0,88.0
5.0,4.0,1750.0,85.0,73.0,0.6,3.59,7772.0,49825.0,2.5,364.0,1028722.0,1.0,93.0
14.0,6.0,2105.0,294.0,172.0,2.59,4.19,1164744.0,82863.0,2.5,210.0,974264.0,1.0,81.0
1.0,0.0,1567.0,164.0,86.0,0.2,0.2,21470.0,58682.0,1.2,369.0,1753499.0,1.0,91.0
4.0,1.0,4200.0,192.0,155.0,2.99,10.58,51812.0,35074.0,1.2,561.0,1093779.0,1.0,84.0
65.0,80.0,5470.0,745.0,456.0,1.0,1.2,197237.0,121219.0,1.4,321.0,1082862.0,1.0,78.0
5.0,1.0,2802.0,360.0,242.0,1.6,1.8,502512.0,321340.0,5.0,928.0,1601696.0,1.0,82.0
12.0,11.0,1725.0,128.0,96.0,0.4,0.4,9587.0,32274.0,2.0,471.0,979923.0,1.0,95.0
7.0,2.0,586.0,88.0,25.0,3.4,3.6,61524.0,12611.0,1.0,8743.0,1871075.0,1.0,92.0
34.0,51.0,2235.0,430.0,73.0,0.6,0.6,12335.0,21463.0,1.0,1167.0,1018240.0,1.0,92.0
4.0,0.0,1508.0,175.0,147.0,1.8,2.2,179589.0,66684.0,1.2,336.0,1012502.0,1.0,92.0
5.0,0.0,2619.0,455.0,348.0,5.4,1.4,328916.0,131103.0,3.2,1964.0,1759706.0,1.0,83.0
34.0,24.0,2523.0,128.0,80.0,1.8,7.0,82901.0,91402.0,5.6,2513.0,1576355.0,1.0,87.0
3.0,2.0,5105.0,283.0,182.0,0.2,0.2,9800.0,34917.0,1.0,608.0,1076626.0,1.0,88.0
67.0,74.0,6081.0,1328.0,1287.0,4.61,3.81,1188892.0,1066282.0,1.0,892.0,1059750.0,1.0,70.0
42.0,55.0,959.0,89.0,69.0,0.2,0.2,26378.0,26513.0,2.0,341.0,965472.0,1.0,93.0
21.0,18.0,886.0,218.0,119.0,0.6,0.6,83461.0,25311.0,1.0,572.0,983730.0,1.0,92.0
58.0,69.0,2937.0,141.0,128.0,9.18,25.55,68989.0,32723.0,1.0,150.0,1079478.0,1.0,69.0
0.0,0.0,1019.0,104.0,80.0,0.4,0.4,10819.0,17998.0,2.0,1041.0,1066749.0,1.0,94.0
2.0,1.0,2472.0,208.0,137.0,2.4,5.8,254546.0,21373.0,2.0,193.0,1030011.0,1.0,86.0
9.0,5.0,766.0,72.0,62.0,2.6,4.8,174457.0,52467.0,1.8,425.0,1802610.0,1.0,82.0
6.0,1.0,3940.0,359.0,160.0,3.19,4.79,313111.0,62013.0,1.4,129.0,1105768.0,1.0,77.0
6.0,0.0,2446.0,166.0,668.0,7.0,4.4,191203.0,133582.0,4.0,332.0,1810845.0,1.0,72.0
26.0,38.0,396.0,80.0,26.0,0.6,0.6,414176.0,17481.0,1.2,912.0,1762022.0,1.0,94.0
93.0,47.0,4993.0,293.0,608.0,9.0,22.0,457411.0,221414.0,1.0,146.0,1075955.0,1.0,65.0
2.0,0.0,4424.0,259.0,230.0,0.4,0.4,61058.0,99269.0,3.4,466.0,1061705.0,1.0,88.0
5.0,0.0,2091.0,250.0,199.0,3.2,1.0,116897.0,48437.0,1.6,197.0,1750514.0,1.0,87.0
1.0,0.0,3706.0,371.0,229.0,0.6,0.8,150837.0,64124.0,1.3,259.0,1114672.0,1.0,85.0
20.0,3.0,6825.0,544.0,414.0,10.4,7.6,443725.0,60351.0,5.4,167.0,1509966.0,1.0,61.0
4.0,1.0,702.0,93.0,99.0,0.8,0.6,4112.0,34632.0,1.0,412.0,1092226.0,1.0,94.0
222.0,212.0,6706.0,575.0,405.0,4.2,2.0,337384.0,159262.0,5.0,214.0,1331986.0,1.0,72.0
35.0,50.0,2797.0,323.0,269.0,0.2,0.2,192178.0,238685.0,3.0,2121.0,1046506.0,1.0,85.0
10.0,4.0,4382.0,400.0,191.0,5.0,6.4,298795.0,250019.0,1.0,153.0,1122323.0,1.0,71.0
1.0,0.0,2184.0,278.0,135.0,0.4,0.4,339524.0,188087.0,5.0,2834.0,1604205.0,1.0,92.0
4.0,0.0,4970.0,240.0,125.0,1.0,1.0,328221.0,30572.0,4.4,658.0,1003938.0,1.0,84.0
148.0,1.0,3940.0,305.0,251.0,3.2,1.0,82286.0,71429.0,1.5,252.0,1084762.0,1.0,75.0
1.0,0.0,997.0,102.0,51.0,0.2,0.2,426208.0,42091.0,2.0,829.0,1750946.0,1.0,91.0
32.0,23.0,3136.0,277.0,237.0,7.8,3.8,198001.0,33552.0,1.0,164.0,1075589.0,1.0,78.0
47.0,53.0,1170.0,106.0,51.0,4.6,4.8,420909.0,72559.0,1.8,11724.0,1885976.0,1.0,82.0
54.0,55.0,1563.0,216.0,151.0,1.2,2.4,86935.0,27849.0,1.0,431.0,978203.0,1.0,90.0
11.0,6.0,1512.0,98.0,59.0,0.4,0.4,313126.0,16402.0,163.0,92.0,7.0,1.0,0.0
0.0,0.0,188.0,13.0,24.0,0.2,0.2,550.0,6777.0,1.0,5310.0,1859912.0,1.0,98.0
26.0,1.0,2050.0,145.0,111.0,4.8,4.8,39860.0,75624.0,1.7,160.0,1063896.0,1.0,82.0
1.0,0.0,2342.0,108.0,123.0,0.2,0.2,36047.0,87756.0,1.0,351.0,1070133.0,1.0,93.0
14.0,19.0,320.0,49.0,37.0,0.4,0.2,258302.0,32701.0,1.4,7444.0,1875896.0,1.0,96.0
1.0,0.0,534.0,72.0,56.0,0.2,0.2,1687.0,20954.0,3.0,1314.0,1713731.0,1.0,98.0
18.0,27.0,470.0,44.0,34.0,0.2,0.2,1650.0,6261.0,2.0,486.0,1742376.0,1.0,93.0
23.0,30.0,176.0,11.0,21.0,0.2,0.2,8633.0,3581.0,1.0,6459.0,1871616.0,1.0,98.0
24.0,8.0,2557.0,245.0,136.0,1.8,3.21,295980.0,118629.0,1.0,136.0,1060449.0,1.0,80.0
1.0,0.0,8840.0,492.0,321.0,0.2,0.2,24851.0,65220.0,2.3,131.0,1058443.0,1.0,77.0
0.0,0.0,820.0,157.0,68.0,0.4,0.4,212904.0,156341.0,3.6,1063.0,1753798.0,1.0,95.0
0.0,0.0,168.0,12.0,14.0,0.2,0.2,1081.0,10287.0,1.0,8307.0,1863622.0,1.0,97.0
190.0,36.0,3506.0,550.0,440.0,3.4,1.0,264051.0,173799.0,1.0,137.0,1017334.0,1.0,74.0
2.0,1.0,375.0,69.0,71.0,0.4,0.4,37289.0,46049.0,2.0,6433.0,1712288.0,1.0,95.0
6.0,4.0,3077.0,912.0,77.0,1.8,1.8,276247.0,41108.0,3.0,126.0,1125610.0,1.0,85.0
12.0,10.0,315.0,43.0,27.0,0.4,0.4,22934.0,10444.0,1.6,436.0,1744928.0,1.0,91.0
6.0,4.0,4451.0,218.0,139.0,1.4,6.6,42386.0,69377.0,3.8,338.0,1445123.0,1.0,82.0
1.0,0.0,3421.0,253.0,128.0,0.8,2.0,85100.0,23729.0,2.2,154.0,1099171.0,1.0,88.0
18.0,0.0,6014.0,987.0,691.0,7.21,2.81,233983.0,58331.0,1.0,229.0,1070730.0,1.0,72.0
12.0,1.0,992.0,165.0,77.0,0.8,2.0,220447.0,162750.0,4.2,2634.0,1575016.0,1.0,96.0
22.0,12.0,5364.0,167.0,94.0,2.2,7.8,105947.0,84709.0,4.2,795.0,1336144.0,1.0,78.0
2.0,1.0,1373.0,91.0,77.0,0.2,0.2,184464.0,37232.0,2.6,1157.0,1718800.0,1.0,93.0
0.0,0.0,2194.0,111.0,125.0,0.2,0.2,3731.0,18802.0,2.0,562.0,1725064.0,1.0,96.0
0.0,0.0,186.0,21.0,22.0,0.2,0.2,481.0,4390.0,1.0,7360.0,1861421.0,1.0,98.0
0.0,0.0,697.0,38.0,26.0,0.2,0.2,14267.0,25939.0,1.2,2029.0,1763994.0,1.0,96.0
44.0,1.0,2417.0,283.0,559.0,1.6,2.4,80297.0,128013.0,2.2,1388.0,1714877.0,1.0,80.0
0.0,0.0,264.0,42.0,33.0,0.2,0.2,1016.0,10116.0,1.4,1374.0,1749756.0,1.0,98.0
9.0,0.0,4601.0,216.0,153.0,2.0,2.6,118313.0,27230.0,3.6,319.0,1111411.0,1.0,83.0
1.0,0.0,2263.0,91.0,84.0,0.2,0.2,100381.0,33249.0,1.2,161.0,1751042.0,1.0,94.0
1.0,1.0,2856.0,217.0,122.0,0.6,0.6,21884.0,26199.0,1.3,299.0,1101256.0,1.0,91.0
14.0,12.0,903.0,105.0,92.0,0.6,0.8,44847.0,29587.0,1.2,230.0,1016176.0,1.0,95.0
1.0,1.0,167.0,12.0,18.0,0.2,0.2,12365.0,15635.0,1.0,8337.0,1867503.0,1.0,98.0
1.0,0.0,639.0,142.0,128.0,0.2,0.2,13625.0,39037.0,3.4,389.0,1708934.0,1.0,96.0
193.0,213.0,4585.0,385.0,330.0,0.6,0.6,561341.0,494475.0,2.0,1041.0,1018917.0,1.0,72.0
20.0,10.0,2543.0,200.0,181.0,2.4,4.41,91285.0,165013.0,1.7,295.0,1060851.0,1.0,81.0
58.0,73.0,4668.0,396.0,328.0,3.6,1.6,296648.0,184970.0,4.2,353.0,1323339.0,1.0,80.0
55.0,68.0,4149.0,462.0,267.0,3.4,1.6,531019.0,385011.0,403.0,73.0,26.0,1.0,0.0
21.0,13.0,5708.0,478.0,299.0,0.4,0.4,359552.0,60994.0,1.7,478.0,1001208.0,1.0,84.0
6.0,1.0,2076.0,291.0,240.0,4.6,2.4,117367.0,26833.0,1.4,328.0,1725534.0,1.0,86.0
20.0,9.0,7173.0,358.0,163.0,3.2,14.0,124968.0,23362.0,3.0,2868.0,1396782.0,1.0,68.0
9.0,1.0,1275.0,113.0,64.0,0.4,0.4,197595.0,45059.0,1.3,772.0,1076837.0,1.0,92.0
4.0,2.0,3411.0,336.0,164.0,1.2,1.0,131413.0,44494.0,1.0,645.0,1118875.0,1.0,85.0
9.0,1.0,3562.0,567.0,527.0,0.2,0.2,476112.0,460575.0,3.2,153.0,1394962.0,1.0,89.0
1.0,0.0,1917.0,186.0,90.0,0.8,1.0,733309.0,14402.0,2.8,725.0,1719962.0,1.0,94.0
0.0,0.0,812.0,132.0,81.0,0.2,0.2,15160.0,17977.0,2.0,1875.0,1074955.0,1.0,97.0
22.0,10.0,4572.0,205.0,146.0,2.0,3.8,226476.0,42162.0,7.2,202.0,1313782.0,1.0,76.0
5.0,3.0,3878.0,123.0,133.0,0.8,0.8,5190.0,19411.0,1.6,298.0,1748235.0,1.0,91.0
3.0,0.0,1643.0,171.0,153.0,0.8,2.2,20529.0,26776.0,537.0,91.0,9.0,1.0,0.0
3.0,1.0,1395.0,113.0,60.0,0.8,1.4,92509.0,18384.0,3.0,812.0,1067821.0,1.0,94.0
69.0,6.0,3549.0,207.0,117.0,7.8,23.2,150887.0,38835.0,2.0,356.0,1085282.0,1.0,71.0
36.0,38.0,703.0,109.0,49.0,0.8,2.8,84777.0,60687.0,2.0,195.0,1712285.0,1.0,95.0
12.0,10.0,588.0,100.0,91.0,0.8,0.6,27040.0,33387.0,2.4,194.0,1716059.0,1.0,92.0
1.0,1.0,189.0,10.0,13.0,0.2,0.2,7004.0,7560.0,1.0,7650.0,1869904.0,1.0,98.0
16.0,6.0,2859.0,231.0,130.0,1.0,3.0,277132.0,85831.0,2.4,2969.0,1408118.0,1.0,84.0
0.0,0.0,175.0,13.0,19.0,0.2,0.2,6319.0,12731.0,1.0,8186.0,1865405.0,1.0,98.0
0.0,0.0,195.0,9.0,15.0,0.2,0.2,840.0,3091.0,1.0,3284.0,1847526.0,1.0,98.0
30.0,45.0,1307.0,98.0,67.0,0.2,0.2,4867.0,19027.0,1.5,1122.0,1064507.0,1.0,95.0
2.0,0.0,3088.0,123.0,76.0,1.0,1.2,124815.0,6114.0,2.4,4838.0,1405595.0,1.0,91.0
0.0,0.0,344.0,54.0,24.0,0.8,0.8,341813.0,18796.0,1.8,7350.0,1875491.0,1.0,96.0
45.0,49.0,1883.0,134.0,118.0,0.4,0.4,122276.0,39706.0,1.0,1096.0,999726.0,1.0,92.0
2.0,0.0,738.0,119.0,53.0,1.8,1.8,649012.0,198478.0,2.0,2133.0,1817235.0,1.0,76.0
18.0,11.0,2651.0,203.0,114.0,3.2,4.2,152264.0,53820.0,1.2,681.0,967776.0,1.0,85.0
77.0,40.0,2726.0,182.0,156.0,3.41,4.21,142105.0,75490.0,1.6,189.0,1088441.0,1.0,84.0
1.0,0.0,139.0,11.0,16.0,0.2,0.2,433.0,12587.0,1.0,8475.0,1862328.0,1.0,98.0
79.0,97.0,7659.0,1446.0,493.0,8.4,8.8,714441.0,66323.0,1.0,233.0,972608.0,1.0,64.0
817.0,1.0,5602.0,120.0,139.0,0.2,0.2,13845.0,38325.0,2.8,820.0,1517128.0,1.0,76.0
13.0,17.0,240.0,15.0,23.0,0.0,0.0,2214.0,3927.0,1.6,3682.0,1770946.0,1.0,94.0
1.0,0.0,649.0,77.0,78.0,0.2,0.2,2893.0,34456.0,1.0,1143.0,1065840.0,1.0,96.0
0.0,0.0,380.0,175.0,45.0,0.2,0.2,350658.0,250588.0,2.8,1316.0,1745824.0,1.0,98.0
5.0,1.0,5492.0,267.0,175.0,1.0,1.39,249419.0,36634.0,1.0,548.0,1017288.0,1.0,81.0
35.0,48.0,1723.0,101.0,85.0,0.4,0.6,165098.0,99015.0,1.6,8455.0,1882138.0,1.0,91.0
1.0,0.0,906.0,91.0,50.0,0.2,0.2,2541.0,21618.0,1.6,990.0,1761512.0,1.0,91.0
8.0,0.0,3659.0,287.0,227.0,3.6,1.0,140955.0,58917.0,2.4,244.0,1626637.0,1.0,84.0
2.0,0.0,1790.0,127.0,73.0,1.8,2.2,137017.0,28650.0,2.2,283.0,1052872.0,1.0,89.0
7.0,4.0,3158.0,248.0,158.0,1.6,2.4,787021.0,308246.0,1.8,304.0,1015668.0,1.0,77.0
1.0,0.0,3810.0,363.0,251.0,1.0,0.4,51395.0,229561.0,3.7,390.0,1017385.0,1.0,85.0
5.0,3.0,842.0,52.0,30.0,1.0,1.2,118262.0,20988.0,1.4,6699.0,1840197.0,1.0,93.0
171.0,4.0,2428.0,195.0,144.0,0.6,0.8,657219.0,14586.0,5.6,127.0,1347790.0,1.0,81.0
36.0,52.0,881.0,82.0,93.0,0.2,0.2,115750.0,107755.0,2.4,1581.0,1537800.0,1.0,95.0
4.0,0.0,480.0,79.0,26.0,2.0,2.0,51676.0,49322.0,1.4,7667.0,1869042.0,1.0,95.0
26.0,37.0,1203.0,101.0,73.0,0.8,0.8,107456.0,186673.0,2.0,6561.0,1852306.0,1.0,92.0
0.0,0.0,2831.0,207.0,104.0,0.2,0.2,80279.0,30493.0,1.4,261.0,1127110.0,1.0,92.0
1.0,1.0,539.0,20.0,20.0,0.2,0.2,8073.0,8099.0,1.0,8540.0,1869996.0,1.0,98.0
3.0,1.0,544.0,80.0,27.0,1.0,0.4,368791.0,4454.0,2.4,850.0,1716526.0,1.0,96.0
6.0,5.0,2350.0,249.0,160.0,0.8,4.99,26124.0,120519.0,1.6,449.0,1089070.0,1.0,88.0
2.0,2.0,891.0,95.0,80.0,0.6,2.2,260246.0,123445.0,1.0,159.0,1032980.0,1.0,90.0
4.0,3.0,1370.0,94.0,118.0,0.8,1.0,25625.0,99074.0,1.0,418.0,1113077.0,1.0,91.0
0.0,0.0,1423.0,325.0,278.0,0.4,0.4,9495.0,58622.0,2.0,138.0,1695530.0,1.0,91.0
0.0,0.0,314.0,48.0,26.0,0.2,0.2,182613.0,24696.0,1.4,324.0,1752632.0,1.0,97.0
31.0,40.0,2928.0,271.0,213.0,3.8,3.0,89408.0,46791.0,1.4,179.0,1124382.0,1.0,84.0
74.0,92.0,2780.0,280.0,164.0,0.8,0.8,398730.0,89072.0,4.8,305.0,1539635.0,1.0,89.0
5.0,2.0,2091.0,232.0,139.0,1.2,1.0,114989.0,38534.0,2.0,199.0,1099744.0,1.0,87.0
2.0,1.0,204.0,16.0,9.0,0.2,0.2,14162.0,4918.0,1.4,6958.0,1845062.0,1.0,98.0
2.0,0.0,1860.0,166.0,100.0,1.2,1.0,140779.0,44401.0,1.2,2551.0,1096235.0,1.0,87.0
71.0,82.0,2446.0,267.0,175.0,2.61,4.81,351530.0,41723.0,1.3,752.0,1012120.0,1.0,81.0
3.0,1.0,405.0,37.0,14.0,2.0,2.0,68996.0,10749.0,1.4,9082.0,1874730.0,1.0,90.0
3.0,0.0,4563.0,313.0,282.0,0.8,1.0,559849.0,428414.0,6.6,126.0,1318419.0,1.0,80.0
1.0,1.0,2044.0,115.0,89.0,0.2,0.2,6558.0,20569.0,1.5,128.0,1020136.0,1.0,93.0
16.0,0.0,3074.0,259.0,203.0,1.6,4.6,537108.0,100961.0,6.6,671.0,1308418.0,1.0,82.0
3.0,1.0,1896.0,168.0,155.0,0.4,0.4,18991.0,105189.0,2.0,1476.0,1087976.0,1.0,90.0
25.0,12.0,5876.0,695.0,552.0,9.6,5.4,692094.0,332051.0,1.0,1077.0,1014856.0,1.0,63.0
1.0,1.0,1286.0,50.0,54.0,0.2,0.2,4851.0,31814.0,1.0,168.0,1750936.0,1.0,94.0
3.0,1.0,2669.0,147.0,111.0,0.4,0.4,416802.0,208804.0,3.0,178.0,1518803.0,1.0,93.0
2.0,1.0,176.0,10.0,13.0,0.4,0.4,7566.0,11234.0,1.0,6598.0,1854819.0,1.0,98.0
1.0,0.0,2046.0,238.0,154.0,0.6,0.6,25203.0,38223.0,1.8,170.0,1100499.0,1.0,88.0
16.0,0.0,4800.0,430.0,220.0,13.2,31.0,1009348.0,44725.0,4.5,174.0,1098397.0,1.0,57.0
18.0,17.0,4222.0,496.0,288.0,1.4,2.8,167621.0,104576.0,1.0,169.0,997555.0,1.0,78.0
7.0,4.0,2490.0,262.0,123.0,2.0,7.4,95775.0,26881.0,8.6,143.0,1021181.0,1.0,85.0
3.0,2.0,298.0,32.0,27.0,0.4,0.4,83707.0,45334.0,1.0,2861.0,1777805.0,1.0,96.0
9.0,2.0,2174.0,283.0,182.0,4.0,4.4,111934.0,46051.0,4.8,214.0,1055130.0,1.0,81.0
16.0,0.0,4432.0,674.0,301.0,4.4,4.2,395442.0,82388.0,1.5,220.0,1103578.0,1.0,69.0
1.0,0.0,1261.0,213.0,71.0,0.4,0.6,206688.0,220190.0,3.4,940.0,1749050.0,1.0,95.0
3.0,0.0,1285.0,128.0,57.0,2.4,2.4,259420.0,139590.0,3.6,1979.0,1764050.0,1.0,93.0
8.0,0.0,3791.0,399.0,369.0,5.8,5.2,232803.0,99600.0,1.0,960.0,1050710.0,1.0,75.0
3.0,1.0,4153.0,313.0,158.0,0.8,1.2,108978.0,27688.0,1.4,212.0,1011496.0,1.0,87.0
1.0,0.0,354.0,66.0,59.0,0.2,0.2,152787.0,18630.0,1.8,202.0,1740099.0,1.0,90.0
3.0,2.0,2130.0,114.0,137.0,0.4,0.4,4434.0,28432.0,2.2,737.0,1728022.0,1.0,95.0
1.0,1.0,277.0,42.0,23.0,0.2,0.2,259702.0,19388.0,1.4,7377.0,1874534.0,1.0,97.0
1.0,0.0,1135.0,96.0,95.0,0.2,0.2,3079.0,12149.0,1.2,599.0,1731042.0,1.0,95.0
15.0,11.0,4050.0,275.0,248.0,1.2,0.8,357139.0,178959.0,3.0,387.0,997587.0,1.0,81.0
0.0,0.0,168.0,16.0,15.0,0.2,0.2,501.0,4292.0,1.0,298.0,1759391.0,1.0,99.0
2.0,0.0,2091.0,74.0,162.0,0.2,0.2,37888.0,206184.0,2.2,136.0,1710504.0,1.0,92.0
1.0,0.0,362.0,37.0,82.0,0.2,0.2,90723.0,86835.0,3.2,990.0,1716496.0,1.0,96.0
23.0,0.0,4853.0,635.0,522.0,9.58,10.18,389071.0,27888.0,2.5,200.0,1002606.0,1.0,64.0
1.0,0.0,2119.0,144.0,97.0,0.2,0.2,55894.0,59795.0,1.2,242.0,1118070.0,1.0,90.0
10.0,1.0,4046.0,500.0,389.0,7.4,2.4,618922.0,61134.0,3.4,8098.0,1834163.0,1.0,77.0
2.0,0.0,2735.0,330.0,174.0,1.2,3.99,293121.0,31777.0,2.0,368.0,1097134.0,1.0,86.0
17.0,4.0,3977.0,314.0,274.0,3.79,4.19,370084.0,169843.0,3.6,1309.0,1641036.0,1.0,82.0
12.0,2.0,2166.0,361.0,118.0,5.81,3.81,145888.0,29915.0,1.5,449.0,1068301.0,1.0,84.0
12.0,11.0,3773.0,229.0,154.0,0.2,0.2,161126.0,35443.0,2.0,257.0,998285.0,1.0,88.0
2.0,1.0,3560.0,195.0,195.0,0.2,0.2,64062.0,44007.0,1.3,172.0,1052894.0,1.0,89.0
0.0,0.0,791.0,71.0,71.0,0.2,0.2,11946.0,21256.0,1.3,536.0,1064088.0,1.0,96.0
2.0,0.0,975.0,111.0,56.0,2.4,2.4,54087.0,18420.0,1.8,276.0,1749632.0,1.0,94.0
1.0,0.0,3266.0,549.0,109.0,0.2,0.2,118567.0,45860.0,2.2,253.0,997362.0,1.0,85.0
3.0,1.0,751.0,105.0,27.0,2.4,2.0,209142.0,62416.0,1.4,6152.0,1848914.0,1.0,87.0
77.0,90.0,4219.0,652.0,595.0,1.39,1.39,96821.0,46895.0,134.0,85.0,15.0,1.0,0.0
20.0,15.0,3672.0,347.0,230.0,0.8,0.8,190433.0,71105.0,2.6,419.0,995144.0,1.0,85.0
14.0,0.0,7368.0,253.0,196.0,2.2,2.0,175340.0,50896.0,2.8,268.0,1066098.0,1.0,80.0
7.0,0.0,4421.0,349.0,391.0,4.6,1.6,118190.0,23704.0,5.0,2105.0,1719128.0,1.0,83.0
124.0,144.0,2255.0,343.0,257.0,5.4,4.6,192880.0,52201.0,1.0,143.0,1047304.0,1.0,77.0
0.0,0.0,474.0,53.0,40.0,0.2,0.2,3058.0,5309.0,1.0,1125.0,1744080.0,1.0,95.0
53.0,72.0,3728.0,209.0,185.0,0.6,0.6,222399.0,271021.0,4.6,1171.0,1327197.0,1.0,88.0
4.0,3.0,1048.0,241.0,169.0,0.2,0.2,144119.0,63045.0,2.0,135.0,984496.0,1.0,91.0
34.0,1.0,2849.0,215.0,190.0,9.18,19.36,125454.0,56632.0,1.0,1640.0,1107898.0,1.0,69.0
47.0,41.0,1241.0,123.0,81.0,1.8,2.8,224930.0,43021.0,364.0,88.0,12.0,1.0,0.0
146.0,36.0,4654.0,495.0,340.0,4.21,9.82,617073.0,247350.0,1.0,163.0,1018099.0,1.0,62.0
47.0,48.0,4163.0,299.0,147.0,17.03,14.23,177185.0,13850.0,5.6,1120.0,1775705.0,1.0,54.0
219.0,109.0,5165.0,558.0,462.0,5.6,1.6,279042.0,155638.0,1.0,140.0,1017734.0,1.0,66.0
40.0,50.0,2610.0,233.0,75.0,2.8,2.6,544046.0,24440.0,2.4,1310.0,1752834.0,1.0,80.0
14.0,18.0,282.0,23.0,29.0,0.4,0.4,7368.0,11958.0,1.2,7665.0,1871163.0,1.0,95.0
41.0,39.0,1523.0,438.0,146.0,0.4,0.4,649909.0,644008.0,663.0,92.0,8.0,1.0,0.0
28.0,0.0,4247.0,653.0,620.0,4.2,1.2,535995.0,317269.0,4.4,141.0,1072970.0,1.0,75.0
165.0,179.0,1947.0,176.0,205.0,0.6,1.8,100934.0,26525.0,2.0,569.0,1090400.0,1.0,89.0
7.0,1.0,3273.0,483.0,242.0,1.8,1.8,181856.0,62053.0,3.2,2893.0,1734720.0,1.0,86.0
33.0,7.0,6062.0,617.0,627.0,8.78,9.38,570314.0,337127.0,7.4,115.0,1539693.0,1.0,53.0
0.0,0.0,246.0,21.0,23.0,0.2,0.2,1143.0,34969.0,2.0,720.0,1722043.0,1.0,98.0
4.0,1.0,3313.0,223.0,131.0,1.0,5.39,145996.0,22201.0,2.6,566.0,1093983.0,1.0,87.0
9.0,2.0,3513.0,495.0,410.0,2.81,1.0,335095.0,553721.0,2.4,174.0,1027723.0,1.0,75.0
1.0,0.0,887.0,62.0,64.0,0.2,0.2,30083.0,16777.0,1.0,241.0,1014226.0,1.0,95.0
10.0,0.0,5812.0,701.0,587.0,9.4,2.8,321978.0,28967.0,1.0,330.0,1027738.0,1.0,66.0
3.0,1.0,318.0,31.0,25.0,0.4,0.4,117159.0,4530.0,2.0,4676.0,1847632.0,1.0,97.0
30.0,43.0,1267.0,75.0,54.0,0.8,0.8,502808.0,300959.0,2.8,955.0,1758986.0,1.0,94.0
37.0,58.0,1061.0,76.0,45.0,0.2,0.2,1985.0,5799.0,1.0,611.0,1730464.0,1.0,96.0
6.0,0.0,1564.0,109.0,26.0,3.79,4.99,136101.0,18307.0,1.6,11589.0,1882777.0,1.0,86.0
1.0,0.0,275.0,31.0,29.0,0.4,0.4,87930.0,8388.0,1.2,1220.0,1756311.0,1.0,97.0
0.0,0.0,402.0,29.0,22.0,0.2,0.2,48163.0,28701.0,1.6,8364.0,1860891.0,1.0,96.0
1.0,1.0,152.0,9.0,16.0,0.2,0.2,3027.0,16568.0,1.0,8321.0,1863768.0,1.0,99.0
15.0,2.0,2389.0,264.0,198.0,1.8,0.6,101604.0,86282.0,1.5,239.0,1077859.0,1.0,90.0
5.0,4.0,386.0,77.0,76.0,0.2,0.2,23370.0,32312.0,2.0,387.0,1708888.0,1.0,95.0
11.0,0.0,3684.0,499.0,458.0,4.4,2.8,224737.0,103468.0,1.5,239.0,1087352.0,1.0,79.0
5.0,1.0,247.0,27.0,21.0,0.4,0.2,99815.0,10481.0,2.0,8117.0,1863984.0,1.0,97.0
25.0,35.0,1558.0,141.0,96.0,1.4,0.6,21185.0,17556.0,3.0,253.0,1104155.0,1.0,89.0
2.0,0.0,1708.0,129.0,96.0,1.2,1.8,20244.0,18736.0,1.8,303.0,1085696.0,1.0,92.0
49.0,55.0,2576.0,195.0,145.0,5.61,7.01,215151.0,33737.0,2.0,187.0,1028593.0,1.0,81.0
5.0,2.0,447.0,59.0,42.0,1.8,1.8,166619.0,12441.0,2.4,4024.0,1837898.0,1.0,94.0
4.0,2.0,2039.0,227.0,129.0,0.6,0.6,115245.0,59460.0,2.2,526.0,1629592.0,1.0,91.0
14.0,13.0,4015.0,329.0,178.0,1.0,1.59,114359.0,77960.0,4.8,143.0,1005305.0,1.0,80.0
9.0,2.0,4860.0,476.0,164.0,0.4,0.8,794073.0,195570.0,2.4,2305.0,1002723.0,1.0,80.0
18.0,14.0,1344.0,412.0,179.0,0.4,0.4,595473.0,535206.0,343.0,89.0,11.0,1.0,0.0
11.0,1.0,5233.0,687.0,559.0,9.42,4.61,315760.0,73309.0,1.0,283.0,1000053.0,1.0,63.0
27.0,15.0,3413.0,250.0,171.0,2.4,3.2,244989.0,95168.0,1.4,385.0,1068986.0,1.0,85.0
9.0,1.0,3762.0,359.0,253.0,2.6,3.8,600348.0,115966.0,3.6,2506.0,1646629.0,1.0,86.0
14.0,1.0,2859.0,181.0,127.0,3.0,3.4,491868.0,266231.0,3.2,885.0,1540702.0,1.0,81.0
10.0,6.0,3249.0,555.0,526.0,2.39,4.38,469560.0,380797.0,1.4,870.0,1126010.0,1.0,81.0
22.0,7.0,5753.0,715.0,476.0,3.0,2.0,222677.0,201168.0,173.0,72.0,28.0,1.0,0.0
3.0,0.0,2292.0,163.0,123.0,0.6,2.4,415319.0,481405.0,1.6,138.0,1011013.0,1.0,83.0
35.0,10.0,6454.0,468.0,156.0,6.2,14.2,169118.0,55350.0,8.4,161.0,1301640.0,1.0,63.0
4.0,2.0,648.0,65.0,81.0,0.6,0.6,5570.0,22076.0,1.0,349.0,1088770.0,1.0,96.0
12.0,6.0,4534.0,378.0,258.0,1.0,3.81,205135.0,143395.0,2.0,226.0,985252.0,1.0,82.0
6.0,5.0,2065.0,151.0,108.0,1.0,1.2,246521.0,25261.0,1.7,555.0,1017827.0,1.0,89.0
2.0,0.0,998.0,92.0,93.0,0.4,0.6,13248.0,45535.0,1.0,806.0,1081493.0,1.0,96.0
10.0,1.0,1414.0,191.0,319.0,1.0,0.6,272169.0,51784.0,2.6,1420.0,1715034.0,1.0,90.0
4.0,0.0,2115.0,197.0,200.0,1.6,0.6,66959.0,99470.0,1.2,242.0,1057792.0,1.0,89.0
30.0,44.0,1875.0,91.0,85.0,1.4,1.0,65420.0,53279.0,1.5,344.0,1059890.0,1.0,89.0
2.0,2.0,3370.0,194.0,183.0,0.2,0.2,497987.0,355650.0,1.0,108.0,1123297.0,1.0,78.0
0.0,0.0,1947.0,70.0,89.0,0.2,0.2,3710.0,11642.0,2.0,1514.0,1726216.0,1.0,95.0
1.0,1.0,385.0,150.0,50.0,0.4,1.0,268276.0,228622.0,2.2,6835.0,1835978.0,1.0,97.0
81.0,80.0,1086.0,134.0,81.0,0.4,0.4,209409.0,50764.0,1.7,129.0,991770.0,1.0,92.0
0.0,0.0,1028.0,34.0,38.0,0.2,0.2,7826.0,127556.0,1.0,8249.0,1863248.0,1.0,96.0
26.0,10.0,5194.0,533.0,225.0,2.0,3.0,86415.0,135940.0,2.0,521.0,985760.0,1.0,78.0
7.0,6.0,439.0,156.0,63.0,0.4,0.4,210013.0,217302.0,3.4,1083.0,1754006.0,1.0,92.0
4.0,0.0,2006.0,192.0,91.0,3.8,8.8,224844.0,38733.0,1.0,472.0,1031155.0,1.0,87.0
4.0,1.0,2753.0,225.0,143.0,1.0,1.2,930934.0,362163.0,4.2,116.0,1543341.0,1.0,85.0
5.0,2.0,378.0,59.0,49.0,0.6,3.6,45580.0,39395.0,2.2,2092.0,1720181.0,1.0,96.0
0.0,0.0,2034.0,109.0,83.0,0.2,0.2,30215.0,22382.0,1.0,269.0,1751431.0,1.0,94.0
3.0,0.0,1209.0,147.0,105.0,1.0,0.4,21270.0,19479.0,1.5,318.0,1001574.0,1.0,94.0
8.0,2.0,4496.0,237.0,166.0,1.6,3.59,104263.0,34799.0,7.2,1107.0,1304056.0,1.0,79.0
165.0,176.0,1057.0,242.0,83.0,1.8,0.6,1232467.0,6549.0,2.6,8450.0,1864304.0,1.0,90.0
16.0,0.0,4559.0,783.0,805.0,12.8,15.4,84463.0,35268.0,1.4,156.0,1088915.0,1.0,69.0
14.0,0.0,4165.0,302.0,159.0,11.6,33.0,424191.0,41544.0,1.0,247.0,1081554.0,1.0,57.0
0.0,0.0,1848.0,161.0,94.0,0.2,0.2,6060.0,43988.0,1.8,627.0,1065781.0,1.0,91.0
6.0,0.0,3919.0,207.0,206.0,0.4,0.2,93352.0,273327.0,2.2,262.0,1064978.0,1.0,84.0
17.0,10.0,6870.0,407.0,217.0,1.8,1.8,339216.0,132711.0,5.4,1423.0,1332939.0,1.0,84.0
553.0,0.0,4259.0,189.0,136.0,2.4,2.6,376809.0,34697.0,7.0,119.0,1319936.0,1.0,70.0
50.0,62.0,2562.0,239.0,181.0,1.0,3.0,171071.0,86083.0,4.0,2551.0,1537406.0,1.0,86.0
1.0,1.0,254.0,16.0,43.0,0.6,0.6,2451.0,21013.0,1.0,6220.0,1856464.0,1.0,97.0
2.0,0.0,3335.0,329.0,241.0,0.4,0.2,425840.0,324350.0,1.8,132.0,1004899.0,1.0,84.0
1.0,0.0,996.0,85.0,55.0,0.4,0.4,16667.0,36431.0,2.0,2979.0,1010114.0,1.0,95.0
34.0,41.0,3476.0,256.0,187.0,1.2,1.2,90106.0,118959.0,1.5,349.0,1061626.0,1.0,85.0
15.0,1.0,5274.0,647.0,664.0,8.0,3.8,417904.0,48173.0,5.8,1860.0,1725293.0,1.0,67.0
5.0,2.0,4331.0,264.0,210.0,0.8,3.8,287845.0,120123.0,1.0,244.0,985754.0,1.0,80.0
1.0,0.0,278.0,35.0,28.0,0.2,0.2,32016.0,17965.0,2.2,305.0,1716877.0,1.0,97.0
3.0,0.0,1876.0,188.0,110.0,2.8,3.0,44356.0,69197.0,2.6,2633.0,1702410.0,1.0,84.0
15.0,15.0,8965.0,771.0,275.0,0.6,0.6,67057.0,119165.0,3.0,153.0,998382.0,1.0,77.0
19.0,14.0,3750.0,288.0,141.0,1.8,3.6,236686.0,96856.0,1.5,557.0,1016558.0,1.0,82.0
3.0,2.0,3764.0,192.0,172.0,1.0,2.59,9224.0,37656.0,2.4,358.0,1382413.0,1.0,88.0
26.0,27.0,2912.0,454.0,369.0,7.4,2.0,206378.0,14665.0,3.0,11640.0,1881640.0,1.0,80.0
222.0,217.0,5397.0,422.0,285.0,1.0,3.59,312033.0,283788.0,4.0,131.0,1326418.0,1.0,82.0
0.0,0.0,4537.0,212.0,205.0,0.4,0.2,67028.0,254584.0,1.4,298.0,1013290.0,1.0,88.0
6.0,1.0,2282.0,125.0,125.0,1.2,1.4,48385.0,63513.0,4.2,2743.0,1531896.0,1.0,92.0
2.0,0.0,644.0,155.0,52.0,1.6,1.6,724550.0,37539.0,1.8,256.0,1806056.0,1.0,83.0
1.0,0.0,2286.0,100.0,65.0,0.8,0.8,97449.0,9632.0,2.2,1157.0,1766731.0,1.0,88.0
3.0,2.0,1721.0,202.0,219.0,2.0,2.0,44461.0,264825.0,2.2,757.0,1381216.0,1.0,88.0
11.0,0.0,2995.0,400.0,336.0,8.0,3.8,269385.0,80555.0,4.6,242.0,1722416.0,1.0,77.0
6.0,5.0,787.0,61.0,51.0,0.2,0.2,3195.0,15728.0,1.2,1606.0,1081952.0,1.0,96.0
15.0,12.0,7635.0,711.0,209.0,3.0,6.2,865872.0,61238.0,1.4,497.0,1012398.0,1.0,79.0
22.0,5.0,2289.0,161.0,173.0,1.8,1.4,171495.0,107789.0,2.2,663.0,1532253.0,1.0,89.0
54.0,69.0,1119.0,120.0,112.0,0.6,0.6,255769.0,25425.0,4.0,260.0,1042852.0,1.0,84.0
18.0,3.0,3307.0,175.0,111.0,1.6,1.6,128997.0,53305.0,4.8,702.0,1522429.0,1.0,89.0
43.0,50.0,1545.0,153.0,103.0,2.4,4.8,25594.0,42289.0,2.2,620.0,1526627.0,1.0,88.0
83.0,67.0,4419.0,318.0,140.0,8.6,25.2,222311.0,50939.0,4.6,278.0,1091496.0,1.0,66.0
7.0,1.0,3865.0,191.0,179.0,1.6,3.8,186277.0,146745.0,4.2,825.0,1515533.0,1.0,76.0
0.0,0.0,407.0,28.0,27.0,0.2,0.2,24024.0,7783.0,1.0,8572.0,1835037.0,1.0,92.0
2.0,1.0,263.0,11.0,10.0,0.2,0.2,10917.0,3367.0,1.2,3338.0,1847986.0,1.0,97.0
7.0,2.0,3513.0,495.0,107.0,1.2,1.6,271233.0,302107.0,2.4,567.0,1547306.0,1.0,80.0
18.0,17.0,1021.0,92.0,77.0,0.2,0.2,9480.0,28576.0,1.2,1743.0,1079361.0,1.0,95.0
11.0,5.0,5830.0,385.0,230.0,1.0,0.8,210572.0,167953.0,4.8,1570.0,1330362.0,1.0,86.0
1.0,0.0,581.0,54.0,52.0,0.2,0.2,2830.0,19132.0,1.0,758.0,1040858.0,1.0,96.0
1.0,0.0,1444.0,124.0,92.0,0.8,2.4,99178.0,22756.0,2.0,211.0,1118126.0,1.0,92.0
684.0,10.0,5244.0,306.0,191.0,0.2,0.2,28437.0,119658.0,2.0,638.0,1062344.0,1.0,75.0
1.0,0.0,443.0,83.0,49.0,1.0,3.6,522666.0,155858.0,2.4,1382.0,1762197.0,1.0,93.0
1.0,0.0,2792.0,411.0,245.0,0.6,2.0,182393.0,43918.0,1.0,680.0,1120920.0,1.0,83.0
32.0,43.0,1148.0,86.0,36.0,1.8,7.0,205838.0,15591.0,2.2,140.0,1754102.0,1.0,90.0
7.0,1.0,3441.0,379.0,251.0,3.19,3.79,297313.0,175290.0,1.6,170.0,1009493.0,1.0,74.0
6.0,2.0,1036.0,103.0,114.0,1.0,1.0,172076.0,355965.0,2.0,6527.0,1851864.0,1.0,90.0
30.0,26.0,3345.0,168.0,136.0,2.0,2.0,33450.0,35514.0,2.6,181.0,1083288.0,1.0,87.0
31.0,46.0,1251.0,90.0,74.0,0.6,2.0,3967.0,15469.0,1.7,189.0,1098888.0,1.0,93.0
3.0,0.0,1952.0,293.0,213.0,2.8,1.4,528958.0,65882.0,1.0,2345.0,1010205.0,1.0,87.0
36.0,47.0,387.0,40.0,42.0,0.8,0.6,2166.0,11034.0,3.0,1551.0,1718331.0,1.0,95.0
28.0,10.0,5446.0,210.0,110.0,4.0,9.2,172907.0,31100.0,4.0,8154.0,1405525.0,1.0,75.0
14.0,1.0,3532.0,235.0,175.0,10.8,32.0,201549.0,27048.0,1.0,143.0,1077171.0,1.0,67.0
42.0,53.0,764.0,64.0,50.0,1.4,1.6,44710.0,27568.0,2.2,635.0,1036734.0,1.0,91.0
4.0,0.0,1596.0,170.0,146.0,2.4,1.8,89489.0,41764.0,1.0,263.0,1055742.0,1.0,90.0
4.0,1.0,1882.0,86.0,82.0,0.8,1.0,101904.0,27502.0,4.4,6508.0,1411128.0,1.0,94.0
9.0,3.0,1626.0,106.0,100.0,1.2,1.2,261018.0,111663.0,1.0,615.0,1073621.0,1.0,87.0
6.0,5.0,1711.0,50.0,72.0,0.8,2.2,28886.0,27183.0,1.0,251.0,1021256.0,1.0,92.0
0.0,0.0,156.0,14.0,17.0,0.2,0.2,437.0,3379.0,1.0,8497.0,1866062.0,1.0,98.0
9.0,8.0,803.0,104.0,59.0,1.0,1.0,177891.0,38416.0,2.2,1614.0,1811498.0,1.0,87.0
25.0,3.0,3562.0,375.0,319.0,6.4,2.2,176802.0,11654.0,4.4,2913.0,1407795.0,1.0,78.0
18.0,27.0,2223.0,139.0,73.0,0.6,0.6,90472.0,59143.0,2.4,4710.0,1731314.0,1.0,92.0
9.0,6.0,5988.0,392.0,257.0,2.4,9.0,422705.0,176642.0,3.2,1665.0,1413926.0,1.0,76.0
1.0,0.0,1927.0,102.0,81.0,0.4,0.6,20124.0,27027.0,2.0,793.0,1052765.0,1.0,95.0
30.0,3.0,1708.0,139.0,125.0,1.4,1.2,66870.0,45771.0,2.2,253.0,1530205.0,1.0,91.0
7.0,6.0,1144.0,176.0,107.0,0.8,2.2,139134.0,20153.0,1.6,124.0,944686.0,1.0,84.0
204.0,226.0,3108.0,381.0,183.0,0.6,0.8,1207116.0,324896.0,1.4,229.0,1019115.0,1.0,77.0
24.0,36.0,700.0,64.0,108.0,0.4,0.4,5277.0,57907.0,1.7,688.0,1060442.0,1.0,94.0
10.0,6.0,2098.0,619.0,99.0,0.2,0.2,388449.0,55019.0,291.0,91.0,9.0,1.0,0.0
22.0,10.0,3834.0,198.0,139.0,1.8,6.79,108456.0,51500.0,5.2,10047.0,1370033.0,1.0,81.0
7.0,2.0,1150.0,111.0,119.0,0.8,0.8,52028.0,122409.0,1.0,407.0,1062686.0,1.0,92.0
13.0,1.0,4228.0,507.0,417.0,6.57,3.19,190947.0,65011.0,2.0,139.0,1009343.0,1.0,71.0
7.0,0.0,2314.0,324.0,293.0,5.99,17.17,332967.0,138574.0,1.0,260.0,1075920.0,1.0,72.0
1.0,0.0,3744.0,397.0,383.0,0.2,0.2,73993.0,103869.0,3.0,1659.0,1708942.0,1.0,86.0
38.0,54.0,2482.0,124.0,111.0,0.8,1.4,53726.0,185804.0,4.0,628.0,1017234.0,1.0,88.0
26.0,39.0,1722.0,139.0,114.0,0.2,0.2,163304.0,47725.0,1.0,229.0,1016514.0,1.0,91.0
21.0,6.0,5456.0,485.0,304.0,11.4,11.0,390051.0,40479.0,1.0,530.0,982954.0,1.0,56.0
11.0,1.0,5400.0,698.0,556.0,7.0,3.0,296912.0,110777.0,1.8,265.0,1010934.0,1.0,67.0
2.0,0.0,1885.0,139.0,84.0,1.8,11.2,318612.0,22557.0,1.6,898.0,1763821.0,1.0,92.0
75.0,93.0,6011.0,365.0,278.0,2.0,5.6,159953.0,84717.0,1.0,290.0,1001610.0,1.0,74.0
4.0,3.0,1260.0,238.0,219.0,0.2,0.2,123476.0,64198.0,142.0,93.0,7.0,1.0,0.0
23.0,7.0,6860.0,415.0,246.0,1.6,3.2,135679.0,71857.0,8.2,380.0,1310003.0,1.0,75.0
6.0,2.0,6241.0,1164.0,1042.0,4.2,1.6,870898.0,763147.0,2.2,626.0,1115016.0,1.0,67.0
5.0,1.0,2048.0,148.0,187.0,0.6,2.2,153060.0,124675.0,3.2,300.0,1518179.0,1.0,85.0
2.0,1.0,3673.0,359.0,167.0,0.8,0.8,260107.0,50871.0,1.7,393.0,1127054.0,1.0,85.0
4.0,1.0,1310.0,114.0,123.0,1.0,0.6,22851.0,96155.0,3.5,611.0,1059350.0,1.0,93.0
64.0,66.0,2938.0,167.0,91.0,5.01,13.03,259358.0,47170.0,3.2,223.0,1087484.0,1.0,79.0
3.0,0.0,5610.0,342.0,252.0,2.4,0.8,263075.0,50660.0,2.4,168.0,1437877.0,1.0,85.0
12.0,3.0,3958.0,408.0,284.0,9.6,18.6,152577.0,28722.0,1.0,117.0,1109061.0,1.0,68.0
10.0,1.0,1668.0,135.0,109.0,7.82,21.24,62480.0,37958.0,2.3,514.0,1084282.0,1.0,77.0
0.0,0.0,568.0,54.0,50.0,0.4,0.6,4835.0,16186.0,1.0,715.0,1033664.0,1.0,95.0
3.0,0.0,1455.0,139.0,86.0,0.6,0.6,36191.0,23316.0,650.0,94.0,6.0,1.0,0.0
23.0,9.0,1006.0,86.0,91.0,1.0,2.2,56527.0,48456.0,2.6,831.0,972132.0,1.0,92.0
1.0,0.0,1661.0,147.0,170.0,0.2,0.2,10165.0,101683.0,1.0,369.0,1061306.0,1.0,94.0
3.0,0.0,4505.0,269.0,154.0,0.6,0.6,144699.0,54580.0,1.0,478.0,1128262.0,1.0,85.0
2.0,1.0,2028.0,137.0,75.0,0.8,1.4,54960.0,51440.0,2.5,155.0,1124671.0,1.0,92.0
0.0,0.0,533.0,107.0,78.0,0.2,0.2,23160.0,120134.0,1.8,1723.0,1770424.0,1.0,88.0
1.0,1.0,938.0,84.0,64.0,0.2,0.2,4789.0,27656.0,1.4,297.0,1752533.0,1.0,97.0
13.0,3.0,3576.0,467.0,176.0,4.8,5.4,276569.0,51757.0,1.0,161.0,1119142.0,1.0,72.0
46.0,61.0,2650.0,143.0,112.0,1.4,4.0,58112.0,39991.0,1.6,298.0,1053496.0,1.0,84.0
3.0,0.0,2193.0,156.0,112.0,1.6,1.4,241870.0,51689.0,2.6,319.0,1056070.0,1.0,86.0
1.0,0.0,1301.0,110.0,108.0,0.4,0.2,7167.0,33737.0,2.6,404.0,1053701.0,1.0,92.0
2.0,1.0,1536.0,133.0,110.0,1.4,3.8,24308.0,22390.0,1.2,162.0,1102811.0,1.0,91.0
7.0,4.0,900.0,76.0,107.0,0.6,2.4,24530.0,33419.0,1.0,495.0,1014379.0,1.0,94.0
3.0,1.0,433.0,41.0,43.0,1.8,1.8,136140.0,62279.0,2.2,6229.0,1853056.0,1.0,92.0
35.0,8.0,4319.0,388.0,295.0,5.16,2.78,359506.0,31978.0,478.0,71.0,28.0,1.0,0.0
4.0,1.0,1811.0,124.0,80.0,0.6,0.6,40704.0,71992.0,1.8,3693.0,1774053.0,1.0,88.0
1.0,0.0,397.0,159.0,60.0,0.6,0.4,61210.0,20054.0,1.2,6170.0,1857019.0,1.0,97.0
9.0,6.0,1841.0,57.0,45.0,0.4,0.4,37270.0,14071.0,3.2,8055.0,1403126.0,1.0,94.0
8.0,7.0,1359.0,61.0,56.0,0.8,4.0,11441.0,21004.0,3.0,151.0,1023602.0,1.0,92.0
2.0,0.0,1199.0,76.0,98.0,1.8,1.2,114783.0,111454.0,2.3,253.0,1059168.0,1.0,93.0
0.0,0.0,3577.0,505.0,217.0,0.2,0.2,12789.0,36746.0,2.0,175.0,1129958.0,1.0,87.0
10.0,10.0,1752.0,206.0,116.0,0.6,0.4,492823.0,51586.0,1.0,168.0,1102458.0,1.0,91.0
4.0,4.0,2113.0,101.0,153.0,0.4,0.6,8068.0,356041.0,2.2,294.0,1391992.0,1.0,92.0
55.0,64.0,2240.0,212.0,121.0,7.0,22.0,162659.0,30126.0,1.6,181.0,1105998.0,1.0,75.0
16.0,1.0,2142.0,215.0,147.0,4.6,9.8,256517.0,58279.0,2.5,554.0,1040491.0,1.0,78.0
0.0,0.0,927.0,95.0,54.0,0.0,0.0,2205.0,9319.0,2.0,2527.0,1700784.0,1.0,97.0
12.0,4.0,2128.0,269.0,206.0,3.0,1.2,94070.0,21569.0,2.6,173.0,959533.0,1.0,84.0
31.0,44.0,1768.0,101.0,69.0,1.0,1.0,61547.0,48953.0,1.0,216.0,1125099.0,1.0,88.0
16.0,2.0,2557.0,384.0,123.0,1.6,1.4,119766.0,29714.0,2.2,2370.0,1511946.0,1.0,87.0
1.0,0.0,2907.0,185.0,161.0,0.2,0.2,5274.0,77481.0,1.2,153.0,1064822.0,1.0,91.0
33.0,47.0,562.0,92.0,36.0,0.4,1.8,292680.0,26315.0,1.0,599.0,1034651.0,1.0,94.0
1.0,0.0,3064.0,265.0,410.0,0.4,2.0,23293.0,50002.0,3.0,1765.0,1699619.0,1.0,91.0
1.0,1.0,803.0,23.0,20.0,0.2,0.2,9067.0,10293.0,1.0,8215.0,1872866.0,1.0,98.0
15.0,11.0,1252.0,274.0,172.0,0.8,1.2,29556.0,34544.0,1.5,301.0,1016866.0,1.0,91.0
2.0,0.0,1191.0,86.0,68.0,0.4,0.6,13193.0,19300.0,1.3,686.0,1106847.0,1.0,94.0
1.0,1.0,3845.0,192.0,125.0,0.4,0.4,93527.0,135304.0,7.5,1875.0,1005304.0,1.0,85.0
14.0,4.0,2210.0,181.0,144.0,1.2,1.0,290899.0,53735.0,3.5,204.0,1018000.0,1.0,89.0
1.0,0.0,1209.0,77.0,62.0,0.4,1.2,17007.0,15222.0,2.6,926.0,1063254.0,1.0,96.0
18.0,16.0,1370.0,157.0,98.0,1.4,1.8,539887.0,63362.0,2.0,465.0,974966.0,1.0,90.0
13.0,9.0,990.0,78.0,67.0,1.0,1.6,123889.0,46300.0,1.3,512.0,1065831.0,1.0,87.0
1.0,0.0,2634.0,255.0,127.0,1.0,3.6,174672.0,33215.0,1.4,415.0,1093984.0,1.0,86.0
0.0,0.0,4209.0,231.0,178.0,0.4,0.6,142503.0,229720.0,2.4,152.0,1386010.0,1.0,90.0
87.0,113.0,1933.0,441.0,175.0,0.6,0.8,661668.0,724078.0,588.0,85.0,15.0,1.0,0.0
0.0,0.0,1380.0,64.0,47.0,0.2,0.2,52455.0,15022.0,2.4,423.0,991782.0,1.0,95.0
4.0,1.0,3725.0,177.0,180.0,3.19,3.19,36525.0,117889.0,1.0,925.0,992080.0,1.0,85.0
3.0,1.0,808.0,40.0,41.0,0.6,0.6,88250.0,84082.0,2.0,630.0,1533294.0,1.0,97.0
7.0,0.0,2512.0,108.0,46.0,8.58,36.33,238613.0,20963.0,1.0,174.0,1034243.0,1.0,70.0
0.0,0.0,1494.0,90.0,54.0,0.2,0.2,2782.0,6131.0,2.0,150.0,1718720.0,1.0,96.0
1.0,1.0,191.0,12.0,21.0,0.2,0.2,7015.0,20098.0,1.0,7291.0,1865608.0,1.0,98.0
42.0,28.0,3371.0,230.0,101.0,2.8,3.4,161679.0,108965.0,4.4,3096.0,1345739.0,1.0,88.0
23.0,13.0,4115.0,433.0,366.0,7.77,2.19,190173.0,28373.0,3.0,256.0,1070261.0,1.0,76.0
2.0,0.0,5688.0,569.0,296.0,1.4,1.6,672992.0,317610.0,2.6,144.0,1006536.0,1.0,76.0
4.0,2.0,2332.0,172.0,119.0,0.8,2.6,178514.0,58539.0,1.5,238.0,1082826.0,1.0,86.0
4.0,1.0,2439.0,183.0,114.0,0.6,0.6,171077.0,108093.0,2.4,2113.0,1539048.0,1.0,93.0
3.0,1.0,595.0,75.0,39.0,2.4,2.4,226201.0,34972.0,1.8,11125.0,1868394.0,1.0,86.0
15.0,13.0,4549.0,389.0,222.0,1.4,4.0,331716.0,52806.0,1.7,316.0,998442.0,1.0,74.0
2.0,1.0,252.0,37.0,35.0,0.2,0.2,45099.0,27346.0,1.0,7293.0,1868226.0,1.0,97.0
1.0,0.0,4022.0,162.0,114.0,0.6,0.8,21270.0,15841.0,6.0,167.0,1021150.0,1.0,89.0
55.0,73.0,3374.0,694.0,405.0,0.4,0.6,45287.0,63171.0,1.0,143.0,1069084.0,1.0,88.0
1.0,0.0,2875.0,153.0,109.0,0.4,0.6,16975.0,115588.0,2.0,4655.0,1731736.0,1.0,90.0
6.0,4.0,2218.0,222.0,166.0,1.4,2.6,243755.0,39063.0,1.5,201.0,1098210.0,1.0,85.0
35.0,34.0,331.0,58.0,48.0,0.2,0.2,22293.0,29719.0,1.2,1812.0,1763360.0,1.0,97.0
1.0,0.0,3887.0,172.0,152.0,0.4,0.4,160360.0,175808.0,1.8,668.0,991030.0,1.0,90.0
1.0,0.0,2497.0,362.0,169.0,0.8,2.0,262300.0,41748.0,2.4,2632.0,1042780.0,1.0,82.0
1.0,1.0,161.0,8.0,9.0,0.2,0.2,6994.0,4352.0,1.0,7739.0,1880280.0,1.0,99.0
36.0,48.0,1667.0,95.0,78.0,0.4,0.4,18151.0,24364.0,550.0,91.0,9.0,1.0,0.0
18.0,0.0,3305.0,276.0,129.0,4.19,4.59,109923.0,43134.0,3.0,1168.0,1108353.0,1.0,78.0
20.0,14.0,6044.0,423.0,329.0,1.4,0.8,461313.0,150328.0,6.6,332.0,1298470.0,1.0,75.0
2.0,0.0,2612.0,226.0,119.0,0.4,1.2,166206.0,51370.0,4.8,7187.0,1406219.0,1.0,89.0
6.0,5.0,1582.0,320.0,106.0,0.2,0.2,480602.0,468110.0,224.0,88.0,12.0,1.0,0.0
124.0,135.0,4269.0,557.0,323.0,3.99,3.59,691572.0,328743.0,1.3,127.0,988386.0,1.0,59.0
3.0,2.0,627.0,86.0,56.0,0.2,0.2,178422.0,21013.0,2.0,207.0,1024472.0,1.0,96.0
1.0,0.0,1446.0,75.0,46.0,0.6,0.6,11106.0,72845.0,2.0,4818.0,1731490.0,1.0,95.0
15.0,13.0,1660.0,184.0,98.0,2.19,5.98,767315.0,30028.0,1.0,126.0,1101873.0,1.0,78.0
11.0,0.0,1118.0,64.0,51.0,3.0,4.6,53934.0,16807.0,2.0,285.0,1070042.0,1.0,89.0
2.0,2.0,408.0,66.0,26.0,0.4,0.4,412546.0,18184.0,3.0,8132.0,1867545.0,1.0,96.0
40.0,23.0,2008.0,143.0,99.0,3.4,8.6,80598.0,29954.0,4.4,10935.0,1383370.0,1.0,87.0
4.0,3.0,2365.0,409.0,202.0,1.2,2.59,158972.0,63925.0,1.0,157.0,1099780.0,1.0,85.0
54.0,72.0,1075.0,269.0,118.0,0.6,1.0,556405.0,509163.0,1502.0,90.0,9.0,1.0,1.0
0.0,0.0,184.0,13.0,36.0,0.2,0.2,992.0,35051.0,1.4,9223.0,1867568.0,1.0,98.0
17.0,4.0,6199.0,483.0,104.0,11.02,36.27,202036.0,43309.0,1.0,133.0,1006331.0,1.0,67.0
1.0,0.0,3402.0,193.0,212.0,0.6,0.8,32898.0,530532.0,4.0,168.0,1008651.0,1.0,86.0
16.0,3.0,5017.0,259.0,249.0,2.8,1.4,73537.0,237547.0,4.8,2114.0,988600.0,1.0,79.0
5.0,0.0,4476.0,337.0,309.0,4.0,1.2,120003.0,28641.0,3.2,165.0,1709944.0,1.0,84.0
14.0,7.0,1443.0,221.0,109.0,1.79,5.57,716801.0,563258.0,2390.0,84.0,16.0,1.0,0.0
1.0,0.0,798.0,59.0,48.0,0.8,0.6,14801.0,15432.0,2.2,985.0,1718382.0,1.0,94.0
61.0,84.0,2896.0,158.0,124.0,0.6,0.6,17358.0,30465.0,1.0,299.0,987488.0,1.0,90.0
11.0,8.0,1884.0,147.0,94.0,0.4,0.4,118121.0,53108.0,1.3,1104.0,1089499.0,1.0,88.0
3.0,2.0,2069.0,103.0,78.0,0.8,1.0,82489.0,18122.0,3.0,510.0,1757989.0,1.0,83.0
3.0,1.0,479.0,79.0,42.0,2.0,2.0,328600.0,271946.0,2.6,3477.0,1819364.0,1.0,85.0
1.0,1.0,197.0,14.0,30.0,0.2,0.2,6990.0,11710.0,1.0,6136.0,1856768.0,1.0,97.0
85.0,42.0,1373.0,97.0,89.0,8.0,8.2,126563.0,110550.0,2.4,6206.0,1835318.0,1.0,79.0
0.0,0.0,280.0,12.0,9.0,0.2,0.2,13785.0,3165.0,2.4,4581.0,1731592.0,1.0,97.0
3.0,3.0,245.0,14.0,18.0,0.6,0.6,7337.0,7968.0,1.2,7393.0,1865622.0,1.0,96.0
2.0,0.0,1275.0,91.0,65.0,1.8,1.8,263192.0,102294.0,1.8,6572.0,1856228.0,1.0,90.0
2.0,0.0,1382.0,145.0,116.0,2.4,2.79,359501.0,205647.0,2.4,6185.0,1839187.0,1.0,87.0
12.0,10.0,2363.0,121.0,99.0,1.0,2.8,44871.0,20145.0,2.2,1094.0,1457250.0,1.0,92.0
1.0,0.0,2163.0,249.0,147.0,0.4,0.2,8970.0,6914.0,3.2,161.0,1438344.0,1.0,93.0
50.0,2.0,4391.0,419.0,282.0,7.6,5.2,563240.0,22672.0,9.6,400.0,1289837.0,1.0,68.0
15.0,21.0,218.0,11.0,17.0,0.2,0.2,10365.0,48741.0,1.0,7379.0,1859400.0,1.0,98.0
51.0,2.0,2437.0,116.0,67.0,12.77,35.93,100642.0,41200.0,3.4,240.0,1093632.0,1.0,62.0
4.0,1.0,2143.0,125.0,85.0,0.8,1.8,194743.0,48969.0,2.6,3062.0,1655947.0,1.0,92.0
4.0,1.0,720.0,104.0,58.0,3.0,10.0,428343.0,242223.0,3.8,3709.0,1807547.0,1.0,82.0
6.0,4.0,1932.0,66.0,85.0,1.0,0.8,67203.0,79964.0,3.5,165.0,1128728.0,1.0,90.0
43.0,53.0,9172.0,1684.0,1499.0,6.2,3.6,1318504.0,1127032.0,1.7,615.0,1094611.0,1.0,59.0
10.0,5.0,2074.0,339.0,203.0,0.4,1.0,107949.0,28309.0,226.0,88.0,12.0,1.0,0.0
1.0,0.0,2183.0,187.0,125.0,0.4,0.4,9210.0,25126.0,1.0,2133.0,1075083.0,1.0,92.0
3.0,3.0,1941.0,427.0,173.0,0.8,0.8,658879.0,844732.0,1.8,635.0,1045738.0,1.0,88.0
2.0,0.0,366.0,30.0,24.0,2.19,2.19,65134.0,22674.0,1.2,8010.0,1863272.0,1.0,91.0
5.0,1.0,1997.0,141.0,134.0,1.6,3.8,274369.0,54368.0,1.5,547.0,1043448.0,1.0,86.0
0.0,0.0,2586.0,66.0,117.0,0.2,0.2,33772.0,92800.0,1.4,207.0,1749677.0,1.0,96.0
1.0,1.0,326.0,25.0,66.0,0.2,0.2,4291.0,72522.0,1.0,492.0,1727034.0,1.0,97.0
8.0,1.0,1652.0,93.0,90.0,1.8,3.2,16587.0,70546.0,2.8,4961.0,1671862.0,1.0,91.0
4.0,1.0,1150.0,86.0,39.0,2.2,7.8,394576.0,273556.0,3.2,5631.0,1836403.0,1.0,93.0
59.0,54.0,6294.0,593.0,342.0,6.39,2.79,897218.0,60330.0,4.4,134.0,1525084.0,1.0,60.0
13.0,6.0,2243.0,161.0,116.0,1.6,3.39,194591.0,52749.0,2.5,141.0,1105448.0,1.0,85.0
12.0,10.0,1783.0,102.0,78.0,1.4,0.8,118290.0,25482.0,3.2,512.0,989838.0,1.0,90.0
5.0,2.0,929.0,64.0,109.0,1.2,2.8,21100.0,80970.0,1.0,381.0,1059995.0,1.0,90.0
14.0,2.0,2325.0,171.0,119.0,1.0,1.8,257196.0,112717.0,2.6,1264.0,1548634.0,1.0,89.0
15.0,7.0,3196.0,280.0,216.0,8.0,22.4,222937.0,137527.0,1.8,181.0,1076869.0,1.0,70.0
0.0,0.0,189.0,12.0,15.0,0.4,1.2,435.0,6804.0,1.0,7918.0,1880896.0,1.0,98.0
8.0,6.0,3491.0,263.0,112.0,0.2,0.2,364523.0,28094.0,193.0,92.0,8.0,1.0,0.0
2.0,0.0,1962.0,118.0,103.0,1.0,1.0,42992.0,11098.0,3.2,1212.0,1723749.0,1.0,96.0
0.0,0.0,815.0,60.0,47.0,0.2,0.2,1633.0,20397.0,1.2,2987.0,1014693.0,1.0,96.0
95.0,111.0,1137.0,136.0,93.0,1.0,0.8,70872.0,33897.0,2.0,859.0,998858.0,1.0,92.0
7.0,4.0,4185.0,179.0,120.0,0.6,0.8,272263.0,138962.0,3.6,573.0,1541683.0,1.0,87.0
9.0,6.0,7811.0,245.0,195.0,2.4,9.4,86551.0,20758.0,4.6,1932.0,1386678.0,1.0,73.0
43.0,0.0,3443.0,274.0,98.0,11.62,34.87,685449.0,55666.0,3.5,254.0,1091921.0,1.0,63.0
14.0,8.0,4553.0,630.0,444.0,7.2,5.8,369317.0,58485.0,2.2,208.0,1010824.0,1.0,69.0
3.0,1.0,1370.0,113.0,64.0,0.4,1.8,5521.0,6620.0,2.0,6131.0,1729808.0,1.0,97.0
12.0,5.0,745.0,82.0,83.0,1.2,0.8,56291.0,47669.0,1556.0,92.0,8.0,1.0,0.0
11.0,14.0,1313.0,67.0,55.0,0.2,0.2,1909.0,8969.0,1.8,4097.0,1776888.0,1.0,90.0
5.0,3.0,2167.0,168.0,103.0,1.6,3.4,278291.0,37904.0,3.0,169.0,1128174.0,1.0,83.0
4.0,1.0,638.0,112.0,46.0,2.0,2.0,326272.0,92143.0,1.8,8024.0,1864548.0,1.0,81.0
158.0,52.0,2354.0,331.0,248.0,4.0,3.8,343227.0,191826.0,1.0,222.0,986966.0,1.0,81.0
17.0,3.0,6510.0,389.0,349.0,4.2,2.0,348289.0,117345.0,2.7,190.0,1010160.0,1.0,72.0
15.0,2.0,4507.0,476.0,484.0,0.8,0.8,252332.0,133646.0,1.5,132.0,1022917.0,1.0,83.0
12.0,1.0,5169.0,561.0,498.0,8.4,6.4,308532.0,189057.0,2.0,643.0,1013078.0,1.0,72.0
65.0,39.0,3797.0,1477.0,133.0,2.4,2.8,505808.0,85412.0,2.4,128.0,1128730.0,1.0,76.0
5.0,0.0,3091.0,316.0,355.0,3.6,6.6,264451.0,45752.0,5.6,1651.0,1698152.0,1.0,85.0
7.0,2.0,1474.0,146.0,112.0,0.6,2.8,90868.0,28777.0,1.7,1005.0,1133701.0,1.0,92.0
26.0,34.0,906.0,74.0,50.0,1.6,1.8,178551.0,25205.0,2.2,4532.0,1840355.0,1.0,91.0
0.0,0.0,238.0,43.0,18.0,0.2,0.2,137058.0,35477.0,1.0,6640.0,1848682.0,1.0,97.0
3.0,1.0,630.0,84.0,14.0,2.2,10.2,513593.0,6359.0,2.2,3714.0,1821429.0,1.0,92.0
1.0,0.0,670.0,70.0,35.0,0.2,0.2,97203.0,17815.0,131.0,96.0,4.0,1.0,0.0
20.0,7.0,4531.0,397.0,305.0,3.59,1.8,408514.0,24179.0,1.8,1962.0,964972.0,1.0,82.0
14.0,3.0,3117.0,457.0,400.0,5.21,2.0,143833.0,30140.0,3.0,291.0,969090.0,1.0,79.0
18.0,28.0,187.0,15.0,14.0,0.2,0.2,546.0,5216.0,2.0,578.0,1710862.0,1.0,98.0
12.0,2.0,4312.0,266.0,131.0,0.8,0.8,367000.0,37658.0,1.0,127.0,1075939.0,1.0,82.0
1.0,1.0,263.0,25.0,43.0,0.2,0.2,9874.0,7485.0,1.2,7697.0,1871520.0,1.0,98.0
1.0,0.0,632.0,101.0,49.0,0.2,0.2,195165.0,31251.0,1.0,148.0,1037008.0,1.0,95.0
11.0,8.0,3549.0,168.0,140.0,0.4,0.4,13296.0,40833.0,1.2,1524.0,971326.0,1.0,92.0
2.0,2.0,1668.0,73.0,61.0,0.2,0.2,7043.0,12137.0,2.0,2083.0,1720422.0,1.0,96.0
35.0,17.0,3406.0,251.0,176.0,1.2,1.6,300935.0,29767.0,1.0,517.0,1014586.0,1.0,90.0
68.0,61.0,2899.0,279.0,179.0,4.39,4.79,327686.0,125390.0,2.0,829.0,971586.0,1.0,78.0
31.0,3.0,3748.0,343.0,276.0,5.6,5.2,161126.0,93390.0,2.2,534.0,1073170.0,1.0,81.0
1.0,0.0,1430.0,161.0,174.0,0.6,1.8,362978.0,364675.0,1.0,220.0,1117581.0,1.0,81.0
27.0,37.0,882.0,92.0,71.0,0.4,0.4,38612.0,31518.0,1.0,148.0,1011275.0,1.0,94.0
45.0,59.0,1734.0,124.0,100.0,0.6,1.4,19784.0,25273.0,2.0,187.0,1085952.0,1.0,90.0
4.0,0.0,2366.0,338.0,203.0,3.8,1.2,329195.0,208622.0,2.8,1961.0,1759778.0,1.0,87.0
3.0,2.0,1042.0,93.0,71.0,0.4,0.4,85904.0,36139.0,2.2,1566.0,1538107.0,1.0,94.0
1.0,0.0,1723.0,125.0,56.0,0.4,0.4,176002.0,15941.0,1.0,733.0,1055425.0,1.0,91.0
0.0,0.0,578.0,54.0,52.0,0.2,0.2,5599.0,11969.0,3.0,2422.0,1772094.0,1.0,92.0
10.0,0.0,3003.0,447.0,383.0,9.0,2.8,273594.0,10059.0,3.4,8659.0,1865656.0,1.0,79.0
5.0,0.0,2005.0,207.0,132.0,3.61,2.2,97715.0,17133.0,2.4,7847.0,1866225.0,1.0,88.0
5.0,2.0,528.0,49.0,37.0,3.0,2.6,152840.0,82964.0,1.4,5774.0,1847291.0,1.0,88.0
20.0,5.0,3061.0,368.0,193.0,2.2,9.22,327102.0,303753.0,2.2,538.0,1038554.0,1.0,83.0
162.0,176.0,7560.0,506.0,410.0,9.6,12.8,242465.0,86281.0,7.4,1351.0,1634653.0,1.0,55.0
9.0,7.0,4001.0,282.0,162.0,2.2,7.8,227990.0,194705.0,5.2,1145.0,1598792.0,1.0,69.0
3.0,0.0,830.0,113.0,99.0,2.0,1.0,167001.0,95606.0,2.6,743.0,1715010.0,1.0,92.0
6.0,1.0,2533.0,105.0,128.0,1.4,1.2,56544.0,236441.0,2.0,534.0,1524600.0,1.0,93.0
37.0,52.0,2153.0,158.0,62.0,0.4,0.6,154124.0,29953.0,2.5,494.0,981554.0,1.0,93.0
12.0,1.0,3494.0,331.0,375.0,3.21,1.8,118999.0,498678.0,2.8,687.0,1019367.0,1.0,74.0
19.0,28.0,488.0,138.0,34.0,0.2,0.2,178356.0,159984.0,2.2,5481.0,1817940.0,1.0,98.0
1.0,1.0,1800.0,174.0,95.0,1.2,1.2,235774.0,31673.0,2.0,2559.0,1051687.0,1.0,90.0
17.0,24.0,917.0,168.0,61.0,0.8,0.8,561752.0,238652.0,2.8,1022.0,1756295.0,1.0,93.0
43.0,51.0,3645.0,150.0,101.0,2.2,1.8,281255.0,69111.0,3.0,708.0,1528086.0,1.0,85.0
5.0,2.0,1796.0,157.0,99.0,0.6,0.4,351476.0,114187.0,2.4,1649.0,1541882.0,1.0,92.0
0.0,0.0,3119.0,172.0,178.0,0.4,0.4,287429.0,357693.0,2.8,1340.0,1376870.0,1.0,93.0
6.0,1.0,2650.0,190.0,129.0,0.6,0.6,121239.0,67627.0,4.6,276.0,1504933.0,1.0,77.0
3.0,0.0,921.0,46.0,20.0,2.6,2.8,113745.0,20790.0,1.0,8829.0,1872480.0,1.0,89.0
14.0,6.0,2878.0,169.0,125.0,1.4,2.0,218353.0,208284.0,5.6,2650.0,1564030.0,1.0,87.0
39.0,2.0,3204.0,353.0,221.0,0.6,0.6,136586.0,197932.0,2.2,128.0,1026091.0,1.0,81.0
4.0,0.0,1723.0,81.0,55.0,0.8,0.8,141172.0,28012.0,2.8,517.0,1068305.0,1.0,90.0
25.0,27.0,3011.0,324.0,269.0,4.38,1.59,140574.0,47566.0,1.2,462.0,1057825.0,1.0,84.0
0.0,0.0,193.0,44.0,22.0,0.2,0.2,301404.0,256088.0,2.2,3652.0,1819909.0,1.0,97.0
11.0,3.0,1770.0,422.0,149.0,1.2,1.2,534102.0,488437.0,3.4,362.0,1032634.0,1.0,85.0
28.0,40.0,2957.0,261.0,164.0,0.2,0.2,201445.0,80840.0,4.4,167.0,1014187.0,1.0,88.0
2.0,0.0,2115.0,125.0,85.0,0.2,0.2,29926.0,24886.0,2.4,188.0,1087811.0,1.0,92.0
6.0,0.0,894.0,89.0,57.0,1.6,1.8,85340.0,31182.0,1.0,560.0,1036755.0,1.0,94.0
15.0,2.0,6214.0,509.0,460.0,9.4,5.6,340370.0,267867.0,4.2,315.0,1511987.0,1.0,63.0
90.0,70.0,3394.0,357.0,359.0,2.99,2.99,524815.0,628705.0,3.2,361.0,1020385.0,1.0,63.0
44.0,35.0,2235.0,395.0,377.0,2.2,2.6,685440.0,404981.0,99.0,73.0,27.0,1.0,0.0
43.0,48.0,5537.0,438.0,394.0,2.4,2.0,304814.0,237643.0,4.0,2487.0,1645728.0,1.0,76.0
38.0,56.0,2924.0,397.0,166.0,0.6,2.2,280716.0,261622.0,4.0,235.0,1025885.0,1.0,85.0
4.0,0.0,631.0,33.0,75.0,0.6,0.8,36707.0,84581.0,1.0,481.0,1065304.0,1.0,96.0
3.0,0.0,2883.0,310.0,228.0,0.8,0.8,75734.0,43575.0,1.4,169.0,1064008.0,1.0,88.0
6.0,0.0,2525.0,312.0,208.0,3.8,1.4,153878.0,59652.0,1.0,623.0,1066800.0,1.0,86.0
7.0,0.0,3135.0,282.0,202.0,2.79,1.0,163206.0,12979.0,3.8,233.0,1388909.0,1.0,87.0
3.0,1.0,597.0,59.0,42.0,2.2,2.2,196705.0,159142.0,1.4,5263.0,1842539.0,1.0,87.0
12.0,6.0,1676.0,479.0,199.0,1.2,2.6,469921.0,25152.0,1.4,131.0,960402.0,1.0,87.0
0.0,0.0,1002.0,51.0,60.0,0.2,0.2,13574.0,49364.0,1.8,1013.0,1758144.0,1.0,92.0
28.0,18.0,4804.0,305.0,193.0,2.19,3.19,187500.0,56726.0,4.0,1279.0,1012456.0,1.0,78.0
98.0,93.0,2793.0,310.0,376.0,2.58,1.19,276631.0,63186.0,2.3,908.0,1000204.0,1.0,83.0
2.0,1.0,3503.0,268.0,139.0,1.0,3.79,15539.0,23163.0,4.8,613.0,1093443.0,1.0,89.0
23.0,34.0,315.0,92.0,40.0,0.2,0.2,111809.0,115758.0,3.6,719.0,1741602.0,1.0,96.0
41.0,47.0,2048.0,147.0,108.0,11.22,23.85,130729.0,19466.0,2.5,172.0,1116617.0,1.0,68.0
18.0,2.0,6671.0,1381.0,1345.0,5.4,2.2,1066971.0,1049237.0,1.0,899.0,1057339.0,1.0,63.0
11.0,9.0,2393.0,210.0,158.0,0.8,0.8,92784.0,64280.0,1.0,579.0,1060939.0,1.0,87.0
4.0,3.0,4246.0,493.0,167.0,0.4,0.4,1654907.0,138898.0,1.0,422.0,984907.0,1.0,81.0
36.0,15.0,2306.0,208.0,225.0,4.2,14.6,307712.0,145811.0,6.0,200.0,1538973.0,1.0,82.0
44.0,43.0,2576.0,299.0,230.0,0.4,0.2,301574.0,199914.0,1.0,144.0,974434.0,1.0,81.0
2.0,2.0,279.0,73.0,39.0,0.2,0.2,267659.0,255630.0,3.0,4057.0,1827102.0,1.0,92.0
7.0,1.0,2041.0,114.0,70.0,1.8,1.8,213673.0,25915.0,1.8,242.0,1076898.0,1.0,90.0
75.0,99.0,1292.0,75.0,67.0,0.6,0.8,16586.0,38494.0,1.0,2488.0,1094443.0,1.0,91.0
6.0,3.0,4453.0,294.0,224.0,2.6,0.8,92293.0,49961.0,2.2,368.0,1016914.0,1.0,86.0
1.0,1.0,1630.0,59.0,92.0,0.2,0.2,22811.0,383465.0,1.2,8358.0,1864774.0,1.0,94.0
1.0,0.0,3083.0,219.0,152.0,0.2,0.2,107127.0,81287.0,147.0,83.0,16.0,1.0,0.0
5.0,0.0,2628.0,152.0,133.0,1.6,1.4,208287.0,177679.0,2.6,2657.0,1648291.0,1.0,94.0
0.0,0.0,935.0,93.0,55.0,0.4,1.8,101335.0,21527.0,1.4,1542.0,998768.0,1.0,94.0
18.0,27.0,141.0,8.0,10.0,0.2,0.2,1028.0,9290.0,1.0,11972.0,1884990.0,1.0,98.0
220.0,3.0,2368.0,183.0,66.0,2.79,4.59,478318.0,47522.0,3.8,1403.0,1539388.0,1.0,81.0
2.0,1.0,2161.0,208.0,121.0,0.0,0.0,8981.0,30912.0,2.2,287.0,1537754.0,1.0,95.0
68.0,85.0,3048.0,288.0,160.0,0.4,0.6,236299.0,104846.0,1.0,415.0,987549.0,1.0,88.0
1.0,0.0,941.0,88.0,71.0,0.8,1.0,180557.0,96584.0,1.0,133.0,990742.0,1.0,90.0
15.0,14.0,2238.0,204.0,113.0,0.2,0.2,183180.0,180325.0,4.0,1230.0,1598811.0,1.0,94.0
2.0,0.0,2186.0,281.0,120.0,0.8,1.0,169234.0,41731.0,1.5,188.0,1127333.0,1.0,89.0
6.0,4.0,2763.0,249.0,112.0,1.6,3.2,132672.0,25607.0,1.0,320.0,1123400.0,1.0,86.0
4.0,1.0,4174.0,435.0,389.0,2.6,3.0,241550.0,220264.0,2.4,252.0,1130003.0,1.0,80.0
23.0,14.0,3718.0,424.0,149.0,4.79,7.98,101003.0,39227.0,1.0,328.0,1065656.0,1.0,78.0
21.0,2.0,3681.0,466.0,391.0,8.17,2.99,209980.0,21093.0,2.8,156.0,958183.0,1.0,70.0
6.0,0.0,2066.0,156.0,106.0,1.2,1.4,64065.0,39743.0,1.0,698.0,1089169.0,1.0,87.0
2.0,0.0,2818.0,212.0,230.0,1.2,3.2,35176.0,39424.0,1.0,499.0,1045558.0,1.0,87.0
10.0,2.0,2195.0,198.0,162.0,0.2,0.2,55757.0,45611.0,3.0,964.0,1398045.0,1.0,96.0
4.0,1.0,863.0,226.0,78.0,1.8,2.0,454550.0,221890.0,3.6,7015.0,1835541.0,1.0,87.0
3.0,2.0,1710.0,131.0,122.0,0.6,1.0,68306.0,103547.0,3.2,493.0,1063110.0,1.0,91.0
6.0,5.0,2936.0,175.0,120.0,0.2,0.2,153155.0,75782.0,6.0,1580.0,1309763.0,1.0,88.0
1.0,0.0,224.0,15.0,20.0,0.4,0.4,624.0,6824.0,1.0,1660.0,1785451.0,1.0,98.0
28.0,41.0,821.0,238.0,214.0,0.4,0.4,409144.0,158958.0,3.2,134.0,1735840.0,1.0,91.0
2.0,0.0,1977.0,229.0,179.0,0.6,0.6,401623.0,145101.0,3.5,152.0,1035016.0,1.0,88.0
54.0,9.0,3984.0,164.0,100.0,10.8,20.8,391435.0,512821.0,6.2,166.0,1525998.0,1.0,59.0
6.0,1.0,5610.0,273.0,232.0,1.0,0.4,81512.0,61935.0,5.0,2599.0,1379610.0,1.0,87.0
0.0,0.0,296.0,31.0,30.0,0.2,0.2,9917.0,12080.0,1.0,187.0,1739875.0,1.0,98.0
7.0,0.0,1660.0,259.0,206.0,1.6,8.0,34805.0,30923.0,3.0,136.0,1688477.0,1.0,86.0
55.0,67.0,5296.0,695.0,423.0,6.8,2.4,270206.0,78483.0,2.0,228.0,1114467.0,1.0,72.0
2.0,0.0,488.0,55.0,47.0,2.2,2.2,105707.0,47856.0,2.2,11158.0,1877659.0,1.0,88.0
1.0,0.0,1086.0,222.0,94.0,0.2,0.2,254286.0,276011.0,127.0,92.0,8.0,1.0,0.0
22.0,2.0,3538.0,415.0,392.0,7.2,2.0,239000.0,55448.0,4.0,2003.0,1530184.0,1.0,79.0
29.0,40.0,1906.0,118.0,90.0,0.8,2.0,8175.0,27313.0,3.6,166.0,1107088.0,1.0,88.0
1.0,0.0,529.0,34.0,68.0,0.2,0.2,5877.0,70884.0,1.0,713.0,1062614.0,1.0,96.0
9.0,2.0,3750.0,280.0,226.0,1.2,4.0,194798.0,362338.0,2.8,402.0,984866.0,1.0,79.0
2.0,0.0,2491.0,322.0,135.0,1.6,0.4,1125937.0,89220.0,3.0,455.0,1753202.0,1.0,83.0
44.0,63.0,2898.0,201.0,169.0,2.2,2.4,159332.0,217054.0,4.4,1800.0,1004824.0,1.0,80.0
0.0,0.0,411.0,61.0,30.0,0.4,0.2,101420.0,12926.0,1.2,7219.0,1874861.0,1.0,98.0
19.0,9.0,4223.0,412.0,393.0,6.6,2.6,173798.0,95760.0,1.7,1119.0,1058566.0,1.0,76.0
7.0,2.0,3244.0,182.0,137.0,1.0,5.8,130854.0,23562.0,5.6,217.0,1309640.0,1.0,83.0
6.0,4.0,3739.0,386.0,266.0,1.2,2.0,67930.0,55275.0,1.0,1144.0,984715.0,1.0,85.0
1.0,0.0,2542.0,138.0,98.0,0.2,0.2,8835.0,17943.0,618.0,93.0,7.0,1.0,0.0
11.0,5.0,2477.0,255.0,143.0,5.41,5.21,772599.0,68306.0,1.0,551.0,1033986.0,1.0,77.0
0.0,0.0,363.0,52.0,52.0,0.2,0.2,51528.0,70717.0,1.2,2064.0,1767435.0,1.0,91.0
59.0,66.0,3486.0,459.0,227.0,1.0,0.4,821073.0,703274.0,634.0,85.0,15.0,1.0,0.0
1.0,0.0,843.0,83.0,56.0,0.4,0.6,73773.0,21665.0,4.0,625.0,1032739.0,1.0,96.0
16.0,23.0,970.0,139.0,83.0,0.2,0.2,129190.0,133167.0,3.2,1448.0,1756176.0,1.0,93.0
26.0,6.0,7952.0,555.0,470.0,9.2,8.8,417622.0,41813.0,6.4,259.0,1331227.0,1.0,60.0
1.0,0.0,1225.0,43.0,51.0,0.2,0.2,2708.0,55540.0,2.0,5233.0,1674902.0,1.0,98.0
6.0,1.0,2745.0,152.0,117.0,1.0,3.8,12744.0,32916.0,1.0,1343.0,1113069.0,1.0,89.0
1.0,0.0,3178.0,247.0,157.0,0.2,0.2,347219.0,175897.0,3.6,3999.0,1334674.0,1.0,91.0
11.0,7.0,3256.0,186.0,94.0,3.8,4.6,191672.0,93934.0,5.4,2532.0,1601099.0,1.0,82.0
4.0,0.0,2921.0,248.0,205.0,3.8,1.4,140416.0,21712.0,3.0,177.0,1437750.0,1.0,86.0
1.0,0.0,4489.0,288.0,216.0,0.2,0.2,22982.0,44999.0,2.5,297.0,1015237.0,1.0,89.0
3.0,0.0,1872.0,153.0,101.0,0.4,0.2,573316.0,5466.0,5.0,1146.0,1366662.0,1.0,85.0
131.0,104.0,3404.0,382.0,217.0,4.8,7.2,420341.0,175225.0,1.0,1354.0,1006933.0,1.0,77.0
8.0,7.0,1847.0,135.0,122.0,0.6,0.6,8556.0,22519.0,3.3,540.0,981954.0,1.0,93.0
2.0,1.0,3977.0,286.0,171.0,0.2,0.8,286399.0,215557.0,3.2,3701.0,1332736.0,1.0,90.0
10.0,1.0,3107.0,446.0,377.0,9.2,3.0,352305.0,10765.0,1.6,8647.0,1866547.0,1.0,77.0
1.0,0.0,1493.0,47.0,64.0,0.2,0.2,18589.0,12370.0,2.4,165.0,1709802.0,1.0,96.0
22.0,1.0,2421.0,430.0,418.0,0.4,0.4,49677.0,29489.0,2.8,167.0,1044270.0,1.0,89.0
0.0,0.0,645.0,76.0,49.0,0.6,0.6,62260.0,16899.0,2.0,1055.0,1765843.0,1.0,90.0
53.0,1.0,4919.0,189.0,149.0,0.99,2.58,333491.0,64310.0,3.2,150.0,1504125.0,1.0,86.0
14.0,3.0,1883.0,81.0,83.0,7.4,19.6,22186.0,20651.0,1.0,277.0,1104808.0,1.0,77.0
3.0,2.0,4103.0,272.0,245.0,0.6,1.0,63344.0,456656.0,2.0,436.0,1002681.0,1.0,80.0
21.0,7.0,5216.0,178.0,117.0,3.6,22.6,246084.0,178063.0,5.0,2172.0,1558706.0,1.0,81.0
47.0,1.0,5782.0,249.0,218.0,11.18,33.13,144335.0,64720.0,4.0,243.0,1094050.0,1.0,60.0
1.0,0.0,801.0,67.0,72.0,0.2,0.2,4584.0,19779.0,1.0,314.0,1016016.0,1.0,97.0
28.0,1.0,2993.0,395.0,210.0,0.2,0.2,383988.0,75354.0,1.6,466.0,1025397.0,1.0,82.0
6.0,6.0,1143.0,100.0,67.0,0.4,1.0,92840.0,29857.0,1.0,676.0,991750.0,1.0,95.0
90.0,110.0,3933.0,262.0,171.0,2.8,3.4,272345.0,12135.0,7.0,333.0,1298203.0,1.0,81.0
2.0,0.0,768.0,82.0,33.0,1.6,1.2,419416.0,19101.0,1.0,1074.0,1061965.0,1.0,92.0
5.0,2.0,2073.0,73.0,62.0,0.2,0.2,9212.0,28959.0,2.0,278.0,1014352.0,1.0,95.0
9.0,0.0,1731.0,246.0,188.0,6.39,4.39,163671.0,33692.0,1.8,3659.0,1815918.0,1.0,74.0
7.0,0.0,4182.0,542.0,268.0,5.2,3.0,2007279.0,22593.0,4.0,118.0,1373266.0,1.0,69.0
19.0,15.0,1764.0,250.0,121.0,5.0,3.2,143132.0,72794.0,7.6,3524.0,1594530.0,1.0,82.0
44.0,7.0,3759.0,368.0,214.0,6.0,16.2,209860.0,82570.0,5.2,147.0,1099771.0,1.0,71.0
11.0,3.0,401.0,33.0,34.0,0.4,0.4,53412.0,5808.0,1.6,5628.0,1857780.0,1.0,97.0
1.0,0.0,659.0,146.0,65.0,0.4,1.0,174169.0,173437.0,3.6,797.0,1746192.0,1.0,96.0
0.0,0.0,327.0,44.0,44.0,0.2,0.2,187661.0,39582.0,1.6,2025.0,1763776.0,1.0,88.0
2.0,2.0,3958.0,527.0,226.0,0.6,1.8,290157.0,135926.0,2.2,132.0,1125998.0,1.0,82.0
21.0,31.0,1622.0,104.0,58.0,0.6,2.2,366070.0,61248.0,2.8,6658.0,1825005.0,1.0,91.0
5.0,1.0,3584.0,133.0,157.0,0.2,0.2,7705.0,88398.0,1.0,686.0,1058842.0,1.0,90.0
22.0,6.0,6243.0,410.0,347.0,1.2,1.6,248374.0,39425.0,4.2,131.0,1393301.0,1.0,77.0
1.0,1.0,1533.0,39.0,37.0,0.2,0.2,12691.0,25273.0,1.2,8243.0,1863248.0,1.0,98.0
49.0,34.0,3932.0,302.0,148.0,9.16,20.52,706527.0,105716.0,3.0,170.0,1088679.0,1.0,63.0
20.0,13.0,5833.0,1237.0,1078.0,3.81,3.01,908980.0,796528.0,2.0,915.0,1082158.0,1.0,73.0
61.0,81.0,3280.0,154.0,134.0,0.6,0.6,147416.0,194494.0,3.4,1046.0,1549746.0,1.0,87.0
3.0,1.0,487.0,46.0,41.0,2.0,2.0,76727.0,82479.0,1.2,6294.0,1850770.0,1.0,89.0
2.0,1.0,4259.0,223.0,161.0,0.4,1.0,19185.0,99520.0,6.2,337.0,975016.0,1.0,90.0
14.0,3.0,2883.0,277.0,162.0,2.2,2.6,354424.0,36094.0,1.0,143.0,1100986.0,1.0,84.0
1.0,0.0,280.0,12.0,15.0,0.6,0.6,1076.0,5271.0,1.0,7425.0,1869494.0,1.0,98.0
8.0,1.0,2340.0,221.0,99.0,5.99,7.39,282634.0,28684.0,3.2,127.0,1036955.0,1.0,75.0
0.0,0.0,1327.0,62.0,68.0,0.2,0.2,69648.0,264439.0,1.2,6924.0,1879024.0,1.0,94.0
1.0,1.0,1811.0,226.0,132.0,0.6,0.6,314015.0,45517.0,1.0,486.0,1115851.0,1.0,90.0
39.0,65.0,310.0,44.0,46.0,0.2,0.2,890.0,24584.0,1.0,592.0,1730664.0,1.0,95.0
2.0,0.0,985.0,55.0,46.0,1.6,4.8,111111.0,22256.0,2.2,659.0,1756514.0,1.0,94.0
10.0,0.0,4065.0,279.0,142.0,9.8,37.6,224594.0,29644.0,1.7,244.0,1034034.0,1.0,60.0
3.0,0.0,3089.0,196.0,200.0,0.4,0.6,33992.0,134141.0,3.0,583.0,1063442.0,1.0,88.0
3.0,0.0,1193.0,145.0,152.0,0.8,2.6,217173.0,106950.0,1.0,576.0,1066038.0,1.0,90.0
7.0,6.0,593.0,57.0,47.0,0.2,0.2,3953.0,16665.0,2.4,886.0,978309.0,1.0,96.0
13.0,1.0,3501.0,353.0,147.0,5.99,6.79,251468.0,31489.0,1.0,125.0,1084677.0,1.0,69.0
21.0,13.0,3825.0,177.0,157.0,0.6,0.6,133084.0,145454.0,3.4,566.0,1628328.0,1.0,92.0
2.0,1.0,534.0,110.0,50.0,1.0,0.4,450000.0,9302.0,1.6,6789.0,1840803.0,1.0,96.0
1.0,1.0,195.0,16.0,17.0,0.2,0.2,7032.0,5022.0,1.0,7321.0,1867607.0,1.0,97.0
4.0,2.0,3492.0,130.0,102.0,1.4,2.4,101255.0,28790.0,2.6,709.0,990150.0,1.0,91.0
5.0,0.0,2763.0,165.0,162.0,0.8,0.4,148059.0,122088.0,2.0,1113.0,1050733.0,1.0,88.0
41.0,64.0,3201.0,214.0,140.0,0.6,0.6,44587.0,48536.0,2.0,2445.0,1406579.0,1.0,91.0
25.0,1.0,5077.0,284.0,227.0,5.8,16.4,157608.0,68914.0,4.0,273.0,1102235.0,1.0,74.0
4.0,1.0,1636.0,132.0,188.0,0.6,2.0,454609.0,491193.0,1.4,144.0,1071767.0,1.0,78.0
29.0,12.0,862.0,135.0,91.0,0.4,0.4,131306.0,52089.0,1.0,693.0,990952.0,1.0,96.0
35.0,17.0,6334.0,365.0,246.0,5.6,10.2,447472.0,85784.0,7.2,727.0,1290646.0,1.0,62.0
20.0,1.0,5777.0,677.0,569.0,11.8,5.8,500122.0,41626.0,1.2,152.0,1024738.0,1.0,59.0
64.0,82.0,5008.0,576.0,140.0,0.4,0.4,286004.0,42582.0,2.2,447.0,1001501.0,1.0,86.0
31.0,51.0,1162.0,84.0,103.0,0.6,0.6,40639.0,145846.0,2.2,4670.0,1726842.0,1.0,93.0
2.0,1.0,1140.0,113.0,116.0,0.6,0.6,7927.0,47988.0,2.0,698.0,1062855.0,1.0,94.0
5.0,0.0,5369.0,247.0,227.0,3.01,2.81,149397.0,215582.0,3.2,181.0,993226.0,1.0,79.0
1.0,0.0,2135.0,68.0,103.0,0.2,0.2,3939.0,12896.0,2.6,1416.0,1725048.0,1.0,95.0
13.0,20.0,1082.0,41.0,46.0,0.2,0.2,86109.0,18500.0,1.2,263.0,1750872.0,1.0,96.0
4.0,1.0,7003.0,340.0,256.0,1.4,3.99,337791.0,188634.0,2.5,134.0,1008271.0,1.0,76.0
1.0,1.0,571.0,36.0,41.0,0.4,0.6,117314.0,9041.0,2.2,6978.0,1855797.0,1.0,91.0
4.0,1.0,3186.0,149.0,148.0,1.0,2.6,55029.0,92541.0,3.0,694.0,1645491.0,1.0,92.0
34.0,44.0,854.0,64.0,42.0,0.8,0.8,151356.0,50454.0,1.0,542.0,1015930.0,1.0,90.0
15.0,14.0,681.0,97.0,60.0,0.6,2.4,36367.0,35582.0,1.0,801.0,1016639.0,1.0,95.0
0.0,0.0,216.0,21.0,13.0,0.4,0.4,86324.0,5874.0,1.2,8732.0,1871530.0,1.0,98.0
18.0,16.0,4364.0,331.0,233.0,0.4,2.0,149096.0,201763.0,3.4,3910.0,1340325.0,1.0,91.0
5.0,0.0,2384.0,322.0,276.0,3.41,1.6,157572.0,85444.0,2.0,906.0,1129504.0,1.0,84.0
123.0,122.0,4374.0,477.0,383.0,8.18,3.59,271392.0,13229.0,4.0,2251.0,1399210.0,1.0,75.0
0.0,0.0,328.0,43.0,45.0,0.2,0.2,977.0,21791.0,1.0,294.0,1752520.0,1.0,95.0
7.0,0.0,2569.0,185.0,102.0,2.6,2.4,98063.0,48782.0,1.6,123.0,1107248.0,1.0,86.0
3.0,1.0,1057.0,134.0,43.0,0.2,0.2,27113.0,13876.0,1.6,495.0,1732306.0,1.0,95.0
19.0,29.0,579.0,77.0,42.0,0.2,0.2,5549.0,8486.0,2.0,1442.0,1716333.0,1.0,96.0
4.0,1.0,2605.0,114.0,59.0,0.4,0.4,30320.0,43770.0,1.7,1006.0,1077866.0,1.0,95.0
9.0,1.0,1224.0,109.0,75.0,1.8,3.39,58668.0,23476.0,2.0,156.0,973889.0,1.0,92.0
1.0,1.0,513.0,300.0,72.0,0.2,0.2,523790.0,498160.0,2.6,5735.0,1834579.0,1.0,97.0
14.0,22.0,449.0,119.0,49.0,0.2,0.2,65939.0,7203.0,1.6,897.0,1770642.0,1.0,97.0
3.0,0.0,449.0,37.0,37.0,1.8,1.8,60822.0,68322.0,1.2,6239.0,1852714.0,1.0,92.0
164.0,183.0,1909.0,174.0,153.0,0.6,1.0,48876.0,90840.0,1.3,165.0,1067525.0,1.0,86.0
41.0,59.0,2423.0,135.0,83.0,0.2,0.2,153542.0,31762.0,1.6,233.0,982238.0,1.0,89.0
53.0,63.0,3486.0,164.0,117.0,7.2,12.2,84134.0,25864.0,2.0,158.0,1026368.0,1.0,77.0
3.0,0.0,4170.0,241.0,143.0,5.6,4.4,139387.0,101305.0,1.6,142.0,1001363.0,1.0,79.0
2.0,1.0,310.0,43.0,39.0,0.8,0.8,29399.0,9719.0,1.0,6808.0,1841216.0,1.0,96.0
2.0,1.0,4298.0,199.0,124.0,0.2,0.2,61506.0,23699.0,161.0,91.0,9.0,1.0,0.0
3.0,1.0,2728.0,378.0,172.0,1.0,3.01,202727.0,97573.0,3.5,354.0,982131.0,1.0,76.0
0.0,0.0,905.0,57.0,47.0,0.6,0.4,56722.0,10728.0,1.0,5813.0,1818853.0,1.0,96.0
17.0,15.0,3706.0,678.0,397.0,2.0,3.39,495175.0,178549.0,4.6,2878.0,1582806.0,1.0,81.0
12.0,1.0,3302.0,508.0,410.0,9.6,3.2,468033.0,12205.0,2.6,7838.0,1862467.0,1.0,76.0
4.0,3.0,1509.0,501.0,139.0,0.6,1.0,312242.0,255308.0,4.2,1051.0,1600333.0,1.0,92.0
18.0,0.0,3762.0,154.0,114.0,4.79,2.99,23933.0,35077.0,1.8,224.0,1065365.0,1.0,84.0
11.0,6.0,1551.0,85.0,79.0,1.0,2.0,19640.0,58019.0,1.7,302.0,1052301.0,1.0,87.0
1.0,0.0,3894.0,274.0,146.0,0.2,0.2,260849.0,109891.0,3.0,148.0,1029790.0,1.0,84.0
5.0,5.0,1282.0,121.0,82.0,0.4,0.2,110743.0,33071.0,1.0,175.0,1101082.0,1.0,93.0
5.0,0.0,850.0,74.0,46.0,0.4,1.8,141756.0,16669.0,1.0,139.0,972893.0,1.0,94.0
15.0,5.0,5760.0,227.0,145.0,1.8,2.2,449816.0,72063.0,3.8,161.0,1455023.0,1.0,75.0
14.0,8.0,1586.0,151.0,74.0,0.8,0.8,324862.0,253923.0,4.4,2632.0,1550600.0,1.0,94.0
0.0,0.0,2352.0,82.0,73.0,0.2,0.2,3146.0,8482.0,1.0,608.0,1731416.0,1.0,93.0
36.0,42.0,2126.0,176.0,134.0,2.4,0.8,307257.0,243412.0,3.6,2048.0,1725027.0,1.0,87.0
13.0,2.0,5673.0,356.0,250.0,4.4,7.6,366128.0,176393.0,2.0,141.0,983581.0,1.0,77.0
2.0,0.0,1894.0,176.0,144.0,1.0,1.4,68498.0,79861.0,3.0,2393.0,1092941.0,1.0,89.0
0.0,0.0,409.0,97.0,65.0,0.2,0.2,212316.0,199266.0,3.8,161.0,1735571.0,1.0,96.0
79.0,28.0,8284.0,691.0,447.0,9.6,12.0,465858.0,141015.0,8.6,271.0,1596195.0,1.0,56.0
14.0,8.0,2128.0,206.0,118.0,2.0,2.4,221487.0,182173.0,5.0,193.0,1594190.0,1.0,88.0
10.0,7.0,6625.0,358.0,177.0,2.2,8.8,109062.0,43673.0,3.4,2660.0,1414230.0,1.0,75.0
42.0,47.0,1476.0,172.0,103.0,2.8,2.8,212873.0,30993.0,3.2,1426.0,1070854.0,1.0,86.0
9.0,6.0,3690.0,386.0,253.0,1.2,1.2,73987.0,36785.0,2.0,426.0,1098613.0,1.0,82.0
3.0,0.0,615.0,79.0,50.0,2.4,3.0,203184.0,27089.0,1.2,286.0,1806579.0,1.0,84.0
10.0,1.0,3011.0,432.0,332.0,8.2,2.2,548223.0,9855.0,3.2,6812.0,1840608.0,1.0,79.0
2.0,0.0,4292.0,270.0,226.0,1.2,2.61,162276.0,290731.0,3.0,836.0,1009645.0,1.0,79.0
25.0,8.0,4772.0,171.0,118.0,4.6,20.2,119132.0,119493.0,4.0,1653.0,1643622.0,1.0,72.0
3.0,2.0,2868.0,472.0,364.0,0.6,0.6,22198.0,68182.0,2.2,128.0,1695483.0,1.0,88.0
130.0,126.0,1089.0,113.0,68.0,0.4,0.4,6399.0,19869.0,1.6,575.0,1018979.0,1.0,96.0
4.0,3.0,272.0,27.0,28.0,0.4,0.4,35210.0,11609.0,1.0,7283.0,1863856.0,1.0,97.0
58.0,38.0,6469.0,314.0,340.0,0.4,0.4,461409.0,283782.0,3.8,122.0,999623.0,1.0,72.0
9.0,0.0,3332.0,291.0,220.0,2.4,1.6,202138.0,67219.0,1.3,204.0,1089602.0,1.0,86.0
97.0,5.0,1653.0,193.0,84.0,0.4,0.6,994550.0,41011.0,1.5,195.0,981982.0,1.0,83.0
3.0,1.0,817.0,53.0,53.0,0.4,0.4,5296.0,28655.0,2.2,190.0,1523528.0,1.0,98.0
24.0,8.0,2684.0,520.0,252.0,0.8,0.8,55758.0,39015.0,1.0,917.0,965910.0,1.0,89.0
14.0,3.0,6171.0,691.0,588.0,7.77,2.99,224709.0,90255.0,2.3,3268.0,1006010.0,1.0,59.0
15.0,5.0,1795.0,343.0,209.0,1.0,1.0,91247.0,93705.0,2.0,112.0,1527192.0,1.0,88.0
21.0,10.0,3862.0,239.0,266.0,2.4,2.4,111286.0,94229.0,7.2,343.0,1310246.0,1.0,88.0
11.0,0.0,4295.0,528.0,423.0,4.0,1.4,218071.0,107357.0,2.0,186.0,1088074.0,1.0,77.0
8.0,7.0,1446.0,65.0,78.0,0.2,0.2,5586.0,11140.0,2.0,393.0,1726670.0,1.0,96.0
3.0,0.0,5748.0,321.0,185.0,2.81,3.21,184508.0,274579.0,2.8,1286.0,985836.0,1.0,76.0
0.0,0.0,1945.0,140.0,120.0,0.2,0.2,55721.0,87368.0,1.2,317.0,1753784.0,1.0,92.0
5.0,2.0,2644.0,327.0,197.0,0.4,0.4,103311.0,47800.0,1.3,715.0,1104346.0,1.0,87.0
4.0,2.0,4804.0,232.0,164.0,0.2,0.2,115314.0,86722.0,7.4,1034.0,1312821.0,1.0,84.0
1.0,0.0,2081.0,126.0,75.0,0.4,1.8,286305.0,28351.0,1.3,882.0,1050243.0,1.0,93.0
31.0,42.0,3056.0,224.0,179.0,2.0,0.6,127508.0,88368.0,2.0,510.0,1015450.0,1.0,86.0
0.0,0.0,799.0,42.0,28.0,0.2,0.2,1445.0,16223.0,1.0,691.0,1731210.0,1.0,95.0
6.0,4.0,1627.0,148.0,69.0,1.0,1.2,263421.0,22570.0,1.8,413.0,986381.0,1.0,93.0
16.0,3.0,5681.0,371.0,174.0,2.59,2.4,106232.0,22285.0,2.0,774.0,1075843.0,1.0,84.0
7.0,3.0,2725.0,237.0,221.0,3.4,1.6,300889.0,238908.0,2.0,569.0,1042981.0,1.0,74.0
10.0,9.0,1075.0,80.0,66.0,0.2,0.2,4730.0,17851.0,2.6,1482.0,967736.0,1.0,95.0
3.0,0.0,3089.0,254.0,282.0,0.8,0.6,708020.0,413212.0,2.4,473.0,1644789.0,1.0,84.0
57.0,56.0,958.0,130.0,86.0,0.6,0.4,56797.0,50759.0,2.8,175.0,991931.0,1.0,95.0
97.0,110.0,1371.0,227.0,170.0,1.0,2.2,237035.0,70000.0,1.0,199.0,1117930.0,1.0,88.0
4.0,3.0,2938.0,148.0,127.0,0.6,3.4,18373.0,38276.0,2.0,376.0,994544.0,1.0,91.0
3.0,1.0,1833.0,659.0,317.0,0.2,0.2,735962.0,516358.0,160.0,89.0,11.0,1.0,0.0
9.0,0.0,2707.0,388.0,346.0,7.2,2.2,207865.0,21122.0,3.0,2403.0,1768251.0,1.0,79.0
1.0,0.0,265.0,80.0,32.0,0.4,0.4,108156.0,11835.0,2.2,4187.0,1840552.0,1.0,97.0
24.0,13.0,2400.0,248.0,154.0,0.6,0.6,36555.0,89687.0,2.3,146.0,1099612.0,1.0,88.0
3.0,2.0,1499.0,148.0,124.0,0.4,0.4,11264.0,34108.0,2.0,158.0,1085613.0,1.0,93.0
51.0,61.0,2947.0,212.0,149.0,7.62,20.84,195892.0,59564.0,4.8,191.0,1089134.0,1.0,68.0
16.0,4.0,2592.0,106.0,73.0,2.58,11.73,63542.0,17476.0,4.8,267.0,1536720.0,1.0,90.0
5.0,1.0,1686.0,119.0,34.0,2.0,2.8,151948.0,11447.0,2.0,8540.0,1870248.0,1.0,91.0
6.0,3.0,2318.0,251.0,127.0,2.0,3.6,373489.0,39134.0,3.0,352.0,1536157.0,1.0,83.0
21.0,9.0,5903.0,165.0,114.0,3.2,10.4,70199.0,59637.0,4.6,6628.0,1409661.0,1.0,72.0
2.0,0.0,756.0,84.0,13.0,1.4,1.6,188486.0,9167.0,1.4,7618.0,1878770.0,1.0,95.0
6.0,0.0,761.0,88.0,54.0,4.0,2.6,102831.0,9123.0,1.4,11335.0,1880605.0,1.0,85.0
18.0,4.0,3962.0,614.0,560.0,0.4,0.8,699997.0,400422.0,3.2,144.0,1396888.0,1.0,87.0
1.0,0.0,725.0,92.0,77.0,0.6,0.6,35358.0,12244.0,1.2,673.0,1760488.0,1.0,90.0
1.0,0.0,1130.0,96.0,49.0,0.2,0.2,106879.0,15422.0,2.0,134.0,1013482.0,1.0,95.0
1.0,0.0,1522.0,185.0,143.0,0.8,1.0,24539.0,44745.0,1.0,687.0,1120960.0,1.0,90.0
23.0,6.0,7129.0,691.0,516.0,8.58,2.59,758159.0,113632.0,3.2,152.0,1076744.0,1.0,66.0
4.0,1.0,548.0,80.0,85.0,2.2,1.8,257084.0,218771.0,1.6,5861.0,1849299.0,1.0,88.0
1.0,1.0,242.0,35.0,34.0,0.2,0.2,9342.0,13762.0,1.0,633.0,1752147.0,1.0,96.0
5.0,0.0,2103.0,117.0,122.0,5.0,14.6,69029.0,57987.0,3.0,129.0,1076949.0,1.0,82.0
4.0,2.0,2129.0,169.0,184.0,1.2,2.6,220260.0,280690.0,5.0,1332.0,1613035.0,1.0,87.0
13.0,13.0,2035.0,148.0,121.0,0.2,0.2,254255.0,299557.0,1.3,1408.0,1018692.0,1.0,91.0
16.0,5.0,662.0,68.0,34.0,2.2,2.0,175605.0,58186.0,1.8,7836.0,1866947.0,1.0,88.0
10.0,4.0,3660.0,203.0,167.0,1.0,1.6,92071.0,87407.0,3.8,2695.0,1530957.0,1.0,90.0
36.0,49.0,1216.0,62.0,55.0,0.2,0.2,89409.0,9037.0,1.2,653.0,1728966.0,1.0,95.0
0.0,0.0,234.0,43.0,13.0,0.2,0.2,265827.0,10854.0,1.2,8602.0,1865776.0,1.0,98.0
2.0,0.0,385.0,35.0,25.0,1.8,1.8,125918.0,34085.0,1.6,8201.0,1868654.0,1.0,92.0
8.0,2.0,4551.0,974.0,337.0,0.8,2.39,596214.0,74507.0,1.2,117.0,1038378.0,1.0,77.0
0.0,0.0,189.0,15.0,12.0,0.2,0.2,33139.0,11228.0,1.0,591.0,1729309.0,1.0,98.0
4.0,3.0,1107.0,80.0,54.0,0.4,0.4,3303.0,23337.0,1.0,2467.0,1015398.0,1.0,95.0
9.0,6.0,2956.0,229.0,131.0,2.0,2.0,1032179.0,232843.0,2.0,135.0,983981.0,1.0,70.0
188.0,210.0,3051.0,152.0,268.0,1.8,2.8,39987.0,678400.0,2.7,271.0,998874.0,1.0,79.0
11.0,1.0,3873.0,447.0,342.0,4.99,2.0,406849.0,69884.0,2.4,1513.0,1070647.0,1.0,79.0
2.0,1.0,2066.0,269.0,289.0,0.4,0.4,111975.0,110966.0,2.0,158.0,1093189.0,1.0,91.0
39.0,56.0,2165.0,175.0,188.0,0.2,0.2,6088.0,38736.0,3.0,203.0,1021519.0,1.0,92.0
24.0,2.0,2721.0,295.0,245.0,6.01,4.01,219240.0,63103.0,2.6,265.0,1113138.0,1.0,81.0
4.0,0.0,1799.0,122.0,72.0,0.6,0.6,16781.0,17929.0,1.5,250.0,1113107.0,1.0,91.0
1.0,0.0,572.0,67.0,50.0,0.2,0.2,34560.0,9750.0,2.2,1347.0,1713429.0,1.0,97.0
46.0,66.0,3275.0,115.0,108.0,0.4,1.8,148581.0,166728.0,1.6,613.0,988845.0,1.0,90.0
11.0,5.0,1416.0,172.0,108.0,2.4,0.8,52119.0,9732.0,3.4,6084.0,1723587.0,1.0,92.0
41.0,23.0,4062.0,257.0,153.0,3.2,4.0,389889.0,47269.0,7.0,350.0,1311875.0,1.0,78.0
2.0,1.0,1896.0,121.0,107.0,0.2,0.2,106415.0,47198.0,2.0,259.0,1016510.0,1.0,94.0
13.0,13.0,2538.0,156.0,86.0,0.2,0.2,29138.0,24202.0,3.2,229.0,1086987.0,1.0,93.0
13.0,10.0,1030.0,113.0,93.0,0.4,1.8,18024.0,24547.0,1.6,357.0,942938.0,1.0,85.0
8.0,5.0,2335.0,118.0,85.0,1.6,3.4,262631.0,95924.0,3.4,266.0,1022885.0,1.0,82.0
9.0,0.0,2698.0,260.0,111.0,0.8,0.4,375918.0,31631.0,1.6,1057.0,1019373.0,1.0,87.0
30.0,1.0,4748.0,439.0,227.0,6.2,17.8,84770.0,85892.0,3.4,147.0,1089080.0,1.0,72.0
6.0,1.0,2425.0,311.0,213.0,1.0,1.0,475421.0,340088.0,4.6,897.0,1600730.0,1.0,86.0
18.0,8.0,1587.0,228.0,160.0,0.6,0.8,285782.0,75085.0,236.0,88.0,11.0,1.0,0.0
5.0,1.0,928.0,136.0,42.0,1.6,2.0,339827.0,25101.0,1.6,7607.0,1879741.0,1.0,93.0
9.0,8.0,3206.0,105.0,70.0,0.2,0.2,5415.0,33582.0,1.2,2912.0,1011918.0,1.0,92.0
12.0,9.0,1767.0,52.0,45.0,0.6,0.6,37701.0,29679.0,336.0,96.0,4.0,1.0,0.0
9.0,0.0,2079.0,316.0,256.0,4.41,3.01,158458.0,40402.0,2.2,550.0,1024770.0,1.0,82.0
2.0,0.0,925.0,128.0,87.0,0.8,6.8,395229.0,88354.0,2.4,704.0,1756390.0,1.0,91.0
6.0,2.0,2712.0,259.0,301.0,3.19,1.0,91310.0,26600.0,1.5,304.0,1032599.0,1.0,87.0
3.0,1.0,510.0,48.0,85.0,2.0,2.0,166234.0,138252.0,2.4,5812.0,1842711.0,1.0,88.0
74.0,0.0,6835.0,377.0,188.0,20.12,59.56,274532.0,34446.0,1.5,168.0,1100449.0,1.0,46.0
5.0,4.0,837.0,63.0,51.0,0.6,0.8,6255.0,23670.0,2.4,3052.0,1013758.0,1.0,96.0
13.0,13.0,485.0,273.0,75.0,0.2,0.2,481854.0,480621.0,2.6,5757.0,1834560.0,1.0,97.0
21.0,12.0,2619.0,442.0,199.0,1.2,1.2,546478.0,130566.0,4.8,218.0,1540139.0,1.0,87.0
39.0,0.0,2390.0,126.0,73.0,10.18,27.74,70831.0,41582.0,1.5,202.0,1091181.0,1.0,71.0
6.0,0.0,828.0,126.0,130.0,1.19,0.8,217177.0,25808.0,168.0,89.0,11.0,1.0,0.0
51.0,72.0,3680.0,234.0,179.0,0.6,1.2,176480.0,86286.0,7.2,203.0,1308542.0,1.0,81.0
1.0,0.0,2109.0,140.0,132.0,0.6,2.0,170044.0,41933.0,4.2,2411.0,1042787.0,1.0,90.0
20.0,11.0,5400.0,342.0,163.0,8.2,22.6,51814.0,28911.0,1.0,378.0,1086531.0,1.0,66.0
104.0,108.0,2559.0,149.0,143.0,2.4,4.01,141636.0,130115.0,2.0,848.0,1076717.0,1.0,86.0
11.0,0.0,3388.0,355.0,283.0,4.2,2.8,196671.0,81600.0,1.0,228.0,1088998.0,1.0,81.0
14.0,21.0,4405.0,139.0,129.0,0.2,0.2,4462.0,6266.0,2.6,4587.0,1731704.0,1.0,91.0
2.0,1.0,468.0,73.0,53.0,0.8,1.0,130396.0,14905.0,2.0,2191.0,1720920.0,1.0,96.0
19.0,12.0,3164.0,165.0,158.0,1.2,1.0,216323.0,361322.0,4.4,251.0,1525315.0,1.0,82.0
51.0,45.0,5244.0,478.0,430.0,7.2,4.0,203264.0,92352.0,3.6,2571.0,1644069.0,1.0,76.0
20.0,3.0,2530.0,308.0,255.0,4.0,2.6,141234.0,73496.0,2.6,224.0,1111064.0,1.0,83.0
50.0,64.0,1493.0,162.0,83.0,0.6,1.0,106998.0,27928.0,1.3,473.0,1065485.0,1.0,89.0
0.0,0.0,524.0,45.0,140.0,0.6,0.8,92426.0,167096.0,1.2,297.0,1756365.0,1.0,95.0
9.0,1.0,3468.0,339.0,138.0,0.6,2.0,82704.0,26937.0,1.0,196.0,991962.0,1.0,90.0
84.0,91.0,1897.0,218.0,173.0,0.6,2.0,376838.0,252983.0,5.4,126.0,1597289.0,1.0,81.0
0.0,0.0,238.0,34.0,32.0,0.19,0.19,14213.0,20702.0,1.0,1558.0,2042280.0,1.0,95.0
2.0,0.0,468.0,41.0,45.0,1.4,1.6,76117.0,44209.0,1.0,1668.0,1768097.0,1.0,88.0
7.0,0.0,2107.0,235.0,154.0,7.21,3.81,132739.0,29310.0,1.0,318.0,1022535.0,1.0,81.0
4.0,2.0,2865.0,368.0,134.0,0.2,0.2,226324.0,113731.0,2.4,960.0,1527998.0,1.0,91.0
1.0,1.0,2118.0,129.0,71.0,0.4,0.2,383282.0,22756.0,1.0,499.0,980013.0,1.0,92.0
4.0,2.0,2351.0,228.0,161.0,2.4,4.0,45032.0,84410.0,1.0,216.0,1064830.0,1.0,87.0
3.0,1.0,583.0,58.0,110.0,1.2,4.2,5458.0,533869.0,3.4,276.0,1714979.0,1.0,87.0
6.0,2.0,2365.0,194.0,122.0,0.6,1.8,113604.0,35591.0,2.5,128.0,1064613.0,1.0,89.0
6.0,5.0,942.0,128.0,67.0,0.8,2.2,157604.0,131146.0,4.4,2835.0,1583784.0,1.0,94.0
0.0,0.0,153.0,11.0,22.0,0.2,0.2,3693.0,1972.0,1.0,6477.0,1871658.0,1.0,99.0
1.0,0.0,163.0,15.0,14.0,0.2,0.2,32518.0,14777.0,2.4,3611.0,1821618.0,1.0,98.0
14.0,8.0,3941.0,337.0,187.0,5.8,14.6,241200.0,167242.0,1.0,248.0,1103957.0,1.0,70.0
36.0,10.0,2883.0,150.0,103.0,4.41,28.66,283299.0,24843.0,604.0,82.0,15.0,1.0,0.0
22.0,0.0,2766.0,222.0,210.0,1.6,4.2,11270.0,84861.0,1.2,171.0,1064197.0,1.0,86.0
1.0,0.0,258.0,35.0,16.0,0.2,0.2,186209.0,43337.0,1.2,7052.0,1851499.0,1.0,97.0
50.0,1.0,3760.0,512.0,424.0,5.4,5.0,309000.0,188453.0,1.3,217.0,1085466.0,1.0,75.0
22.0,7.0,4405.0,350.0,223.0,1.2,2.4,665083.0,125980.0,8.0,295.0,1298189.0,1.0,81.0
4.0,1.0,1534.0,105.0,107.0,0.4,0.4,209324.0,111844.0,1.5,401.0,1076553.0,1.0,93.0
2.0,1.0,297.0,40.0,41.0,0.4,0.4,2555.0,12235.0,2.0,351.0,1741625.0,1.0,93.0
17.0,3.0,4065.0,443.0,301.0,4.19,2.59,203488.0,80888.0,5.8,470.0,1522307.0,1.0,77.0
2.0,1.0,1959.0,190.0,142.0,0.2,0.2,92269.0,26717.0,2.8,468.0,1629221.0,1.0,95.0
4.0,1.0,1040.0,98.0,46.0,3.0,3.2,194087.0,61224.0,2.4,6259.0,1853043.0,1.0,88.0
3.0,2.0,4073.0,470.0,347.0,0.8,0.4,37552.0,54687.0,3.0,137.0,1695512.0,1.0,86.0
12.0,1.0,2896.0,364.0,274.0,8.8,3.0,213542.0,13831.0,2.4,333.0,1725171.0,1.0,77.0
1.0,1.0,295.0,34.0,34.0,0.8,0.8,104999.0,14568.0,2.2,4578.0,1846795.0,1.0,96.0
2.0,0.0,2414.0,226.0,207.0,0.6,2.0,136711.0,124416.0,599.0,89.0,11.0,1.0,0.0
11.0,10.0,2843.0,499.0,206.0,0.6,2.4,644540.0,560547.0,1.4,184.0,1043746.0,1.0,89.0
2.0,0.0,3182.0,157.0,72.0,0.2,0.2,117898.0,28715.0,1.0,280.0,1029800.0,1.0,90.0
5.0,1.0,3343.0,146.0,109.0,0.2,0.2,6854.0,30929.0,2.2,147.0,1064287.0,1.0,92.0
12.0,9.0,605.0,98.0,77.0,1.6,0.6,19814.0,11134.0,1.4,407.0,1757275.0,1.0,95.0
2.0,1.0,3631.0,144.0,96.0,0.2,0.2,29995.0,79122.0,2.6,3163.0,1656826.0,1.0,93.0
0.0,0.0,2079.0,82.0,69.0,0.2,0.2,32768.0,35550.0,1.0,158.0,1013305.0,1.0,95.0
2.0,0.0,751.0,93.0,85.0,2.0,1.6,38779.0,5145.0,1.2,7333.0,1860592.0,1.0,95.0
1.0,0.0,2999.0,158.0,102.0,0.6,0.6,19744.0,29690.0,1.0,2932.0,1011786.0,1.0,93.0
2.0,0.0,551.0,36.0,33.0,1.8,2.99,73886.0,38671.0,1.4,2476.0,1792690.0,1.0,84.0
0.0,0.0,227.0,35.0,18.0,0.2,0.2,169774.0,12795.0,1.4,9243.0,1871237.0,1.0,98.0
0.0,0.0,1191.0,44.0,39.0,0.2,0.2,3627.0,8428.0,2.0,4114.0,1776888.0,1.0,93.0
6.0,2.0,2501.0,155.0,229.0,2.0,3.2,177296.0,56976.0,1.3,1089.0,1052451.0,1.0,85.0
5.0,2.0,3637.0,103.0,110.0,0.8,2.4,45895.0,113168.0,2.8,2521.0,1645106.0,1.0,92.0
38.0,34.0,2722.0,194.0,162.0,2.8,3.4,239126.0,80216.0,3.2,500.0,1725562.0,1.0,84.0
18.0,25.0,428.0,109.0,64.0,0.2,0.2,283433.0,267502.0,3.0,4085.0,1825440.0,1.0,89.0
17.0,7.0,2341.0,230.0,141.0,1.6,3.8,339842.0,27019.0,2.2,718.0,990224.0,1.0,89.0
20.0,7.0,1892.0,124.0,97.0,1.4,1.4,84535.0,32313.0,1.5,219.0,1112464.0,1.0,87.0
3.0,0.0,1708.0,207.0,164.0,3.4,1.0,91511.0,9891.0,2.4,516.0,1745411.0,1.0,83.0
28.0,13.0,3753.0,371.0,248.0,4.6,7.8,487032.0,117631.0,5.4,2341.0,1330541.0,1.0,84.0
2.0,0.0,603.0,114.0,66.0,1.8,1.4,389786.0,275961.0,2.4,3573.0,1821803.0,1.0,90.0
9.0,7.0,3717.0,203.0,191.0,0.6,0.8,204642.0,234240.0,2.3,127.0,1008517.0,1.0,87.0
43.0,46.0,3083.0,467.0,407.0,8.2,2.0,224444.0,18218.0,4.2,636.0,1710493.0,1.0,78.0
8.0,5.0,1833.0,311.0,160.0,1.8,5.99,332148.0,102369.0,6.0,2895.0,1599931.0,1.0,87.0
0.0,0.0,255.0,32.0,32.0,0.2,0.2,1430.0,7410.0,1.6,1196.0,1767021.0,1.0,91.0
9.0,6.0,3453.0,920.0,839.0,0.2,0.2,10714.0,73390.0,170.0,84.0,16.0,1.0,0.0
2.0,0.0,492.0,38.0,40.0,2.0,1.8,76493.0,42729.0,1.0,2018.0,1817005.0,1.0,85.0
1.0,0.0,3931.0,261.0,217.0,0.6,0.8,108422.0,332231.0,2.2,1146.0,1395598.0,1.0,90.0
24.0,7.0,1248.0,173.0,105.0,0.8,2.59,308625.0,114117.0,181.0,87.0,13.0,1.0,0.0
62.0,59.0,1596.0,120.0,102.0,0.4,0.4,12770.0,81899.0,1.8,429.0,976446.0,1.0,91.0
66.0,63.0,3210.0,387.0,235.0,2.6,2.6,314096.0,84354.0,2.0,530.0,1121797.0,1.0,83.0
8.0,7.0,1329.0,162.0,97.0,0.2,0.2,256305.0,254541.0,177.0,89.0,11.0,1.0,0.0
25.0,19.0,4247.0,570.0,241.0,1.6,4.39,378875.0,66423.0,1.0,167.0,983594.0,1.0,69.0
68.0,67.0,2285.0,296.0,164.0,3.4,4.4,105612.0,68966.0,2.6,1122.0,1540368.0,1.0,79.0
2.0,1.0,1614.0,161.0,129.0,0.6,0.8,14766.0,25774.0,1.0,151.0,1100256.0,1.0,91.0
2.0,1.0,785.0,48.0,44.0,0.4,1.4,39338.0,13540.0,2.0,279.0,992654.0,1.0,96.0
4.0,1.0,4379.0,331.0,147.0,0.4,0.2,917608.0,17468.0,4.2,1379.0,1468944.0,1.0,87.0
14.0,11.0,5552.0,321.0,158.0,2.2,7.4,866968.0,48363.0,1.0,425.0,1009667.0,1.0,86.0
4.0,2.0,956.0,183.0,66.0,1.2,1.0,333045.0,23677.0,1.4,190.0,1726691.0,1.0,92.0
2.0,1.0,508.0,73.0,41.0,0.4,0.4,1787.0,9101.0,1.0,640.0,1734296.0,1.0,97.0
12.0,11.0,2014.0,339.0,206.0,0.2,0.2,50202.0,29517.0,1.5,435.0,1098538.0,1.0,89.0
4.0,2.0,3984.0,359.0,149.0,0.6,0.4,84511.0,26097.0,1.3,264.0,1102635.0,1.0,85.0
1.0,1.0,195.0,15.0,22.0,0.2,0.2,10279.0,9542.0,1.0,7738.0,1882360.0,1.0,98.0
4.0,0.0,4412.0,521.0,252.0,1.0,0.4,940869.0,73413.0,1.5,500.0,1074803.0,1.0,84.0
17.0,1.0,5741.0,822.0,608.0,8.42,2.4,262205.0,60046.0,1.7,319.0,1069743.0,1.0,70.0
3.0,1.0,447.0,45.0,37.0,1.8,1.8,142564.0,25634.0,2.6,149.0,1783752.0,1.0,87.0
0.0,0.0,470.0,18.0,32.0,0.2,0.2,5392.0,7117.0,1.0,6938.0,1879152.0,1.0,99.0
0.0,0.0,158.0,12.0,23.0,0.2,0.2,443.0,8217.0,1.0,3739.0,1849659.0,1.0,98.0
1.0,1.0,963.0,90.0,62.0,0.6,0.6,91754.0,14319.0,2.2,3125.0,1707618.0,1.0,96.0
2.0,0.0,7713.0,385.0,241.0,0.4,0.4,104459.0,31817.0,1.0,981.0,1077842.0,1.0,83.0
15.0,6.0,5508.0,436.0,337.0,3.59,1.2,133529.0,32417.0,164.0,70.0,30.0,1.0,0.0
4.0,0.0,3963.0,396.0,264.0,1.0,1.2,303723.0,162298.0,2.2,969.0,1083214.0,1.0,82.0
2.0,0.0,2590.0,167.0,248.0,0.8,0.4,117072.0,179675.0,2.4,539.0,1759701.0,1.0,91.0
172.0,113.0,1427.0,171.0,134.0,0.6,3.39,261636.0,103649.0,744.0,92.0,8.0,1.0,0.0
1.0,0.0,2285.0,92.0,135.0,0.2,0.2,11706.0,25473.0,3.0,1337.0,1724755.0,1.0,95.0
2.0,0.0,450.0,48.0,30.0,2.0,2.4,110942.0,48105.0,1.0,11884.0,1888162.0,1.0,90.0
0.0,0.0,970.0,55.0,37.0,0.2,0.2,91046.0,16898.0,2.2,440.0,1744328.0,1.0,92.0
1.0,1.0,694.0,30.0,35.0,0.6,1.0,7099.0,110246.0,1.2,6825.0,1849464.0,1.0,96.0
39.0,56.0,2168.0,257.0,161.0,0.4,0.6,185504.0,46769.0,3.2,986.0,1058147.0,1.0,90.0
30.0,43.0,2588.0,202.0,132.0,0.4,0.4,76060.0,35619.0,1.0,1484.0,1113149.0,1.0,90.0
19.0,27.0,264.0,44.0,22.0,0.2,0.2,254670.0,4088.0,1.8,7311.0,1873264.0,1.0,97.0
5.0,0.0,4382.0,693.0,477.0,4.21,3.21,359356.0,539883.0,2.6,192.0,1012528.0,1.0,75.0
1.0,0.0,1892.0,122.0,124.0,0.2,0.2,47850.0,53271.0,2.0,268.0,1725296.0,1.0,97.0
14.0,21.0,1191.0,93.0,51.0,0.2,0.2,3079.0,5915.0,1.8,657.0,1759232.0,1.0,91.0
3.0,0.0,501.0,60.0,14.0,2.79,2.99,190357.0,26600.0,1.4,11435.0,1874164.0,1.0,86.0
0.0,0.0,1431.0,44.0,55.0,0.2,0.2,12448.0,19666.0,1.0,566.0,1752792.0,1.0,97.0
14.0,13.0,1282.0,52.0,51.0,0.2,0.2,25505.0,20393.0,1.0,1188.0,1096305.0,1.0,97.0
86.0,106.0,2765.0,294.0,132.0,2.2,3.2,813180.0,55605.0,1.8,822.0,1050037.0,1.0,84.0
79.0,34.0,646.0,142.0,125.0,0.2,0.2,64251.0,78486.0,2.0,627.0,1008558.0,1.0,96.0
4.0,3.0,6037.0,306.0,187.0,1.4,2.81,342631.0,295887.0,1.0,225.0,1013159.0,1.0,76.0
15.0,9.0,1855.0,432.0,324.0,1.4,1.8,443383.0,145119.0,2.6,254.0,1692722.0,1.0,84.0
1.0,0.0,481.0,101.0,96.0,0.2,0.2,162345.0,131193.0,3.8,403.0,1711790.0,1.0,92.0
12.0,1.0,3163.0,474.0,414.0,8.8,2.4,261271.0,9070.0,3.0,7201.0,1863333.0,1.0,76.0
15.0,4.0,4503.0,604.0,476.0,7.4,5.6,380857.0,140991.0,1.8,1215.0,996741.0,1.0,63.0
7.0,1.0,1933.0,220.0,109.0,4.18,4.38,726842.0,119979.0,5.8,7790.0,1856038.0,1.0,78.0
14.0,13.0,2116.0,122.0,147.0,0.4,0.2,19106.0,226484.0,2.0,477.0,1523474.0,1.0,95.0
2.0,0.0,1367.0,83.0,63.0,1.4,4.2,97573.0,20902.0,1.4,215.0,1750114.0,1.0,94.0
1.0,1.0,315.0,26.0,20.0,0.2,0.2,95538.0,8984.0,1.0,3233.0,1846845.0,1.0,97.0
37.0,47.0,689.0,113.0,62.0,2.0,2.0,371378.0,46754.0,2.2,2780.0,1791529.0,1.0,81.0
3.0,2.0,744.0,74.0,55.0,0.4,0.4,14684.0,19602.0,2.0,187.0,1022318.0,1.0,95.0
1.0,0.0,269.0,38.0,20.0,0.2,0.2,200152.0,10044.0,2.2,8117.0,1860287.0,1.0,97.0
0.0,0.0,169.0,15.0,24.0,0.2,0.2,429.0,5621.0,1.0,5270.0,1856587.0,1.0,98.0
48.0,1.0,3221.0,243.0,128.0,10.8,31.0,562196.0,29018.0,3.5,285.0,1089582.0,1.0,65.0
13.0,19.0,419.0,38.0,38.0,0.2,0.2,19140.0,11716.0,1.2,5946.0,1864240.0,1.0,96.0
7.0,7.0,1383.0,166.0,97.0,0.2,0.2,29617.0,34510.0,1.0,132.0,991891.0,1.0,94.0
0.0,0.0,2703.0,244.0,214.0,0.4,1.2,267496.0,233645.0,2.3,475.0,997758.0,1.0,87.0
26.0,16.0,3638.0,534.0,238.0,1.6,3.6,1071680.0,590668.0,1805.0,71.0,29.0,1.0,0.0
1.0,1.0,1392.0,137.0,57.0,0.2,0.2,20860.0,77843.0,1.0,449.0,1757496.0,1.0,93.0
2.0,1.0,1506.0,104.0,78.0,0.8,1.0,225983.0,151123.0,2.2,949.0,1714792.0,1.0,85.0
39.0,56.0,929.0,64.0,55.0,0.4,2.0,4306.0,22554.0,1.5,182.0,999139.0,1.0,95.0
2.0,0.0,2501.0,155.0,78.0,0.4,0.6,349248.0,231571.0,5.2,2422.0,1542738.0,1.0,94.0
1.0,0.0,1482.0,117.0,83.0,0.2,0.2,57224.0,63869.0,1.5,219.0,981977.0,1.0,94.0
2.0,0.0,384.0,61.0,61.0,0.8,0.8,318420.0,361675.0,1.2,394.0,1753864.0,1.0,89.0
0.0,0.0,200.0,18.0,22.0,0.2,0.2,641.0,7160.0,1.8,4133.0,1781096.0,1.0,94.0
38.0,4.0,3790.0,289.0,156.0,6.19,18.76,305886.0,115692.0,4.0,139.0,1089752.0,1.0,71.0
19.0,11.0,3234.0,361.0,269.0,0.4,1.8,156016.0,62817.0,4.4,155.0,1396226.0,1.0,90.0
4.0,0.0,3296.0,179.0,99.0,2.4,2.8,261026.0,29326.0,1.0,859.0,1017344.0,1.0,64.0
43.0,29.0,1569.0,260.0,134.0,1.6,3.6,307107.0,241976.0,3.4,2497.0,1581968.0,1.0,91.0
1.0,1.0,1622.0,141.0,171.0,0.2,0.2,361119.0,115977.0,1.0,143.0,1046370.0,1.0,95.0
37.0,47.0,2314.0,102.0,76.0,5.8,16.6,190684.0,35065.0,1.5,384.0,1082818.0,1.0,79.0
1.0,1.0,816.0,56.0,30.0,0.2,0.2,14463.0,13879.0,1.7,678.0,1069448.0,1.0,94.0
5.0,0.0,1136.0,167.0,124.0,2.8,1.6,189887.0,15359.0,1.6,741.0,1773115.0,1.0,87.0
6.0,0.0,3556.0,246.0,122.0,3.0,3.8,300151.0,49692.0,1.0,620.0,1021299.0,1.0,83.0
183.0,196.0,6390.0,405.0,204.0,2.4,2.4,953894.0,78904.0,4.2,1375.0,1542507.0,1.0,82.0
5.0,1.0,1965.0,207.0,125.0,0.4,1.0,193174.0,22877.0,3.8,172.0,1085874.0,1.0,91.0
7.0,0.0,1565.0,177.0,143.0,7.8,3.8,149622.0,11778.0,1.6,6971.0,1844266.0,1.0,85.0
12.0,0.0,1798.0,111.0,207.0,2.8,3.2,116467.0,82644.0,2.4,612.0,1521061.0,1.0,78.0
1.0,0.0,1359.0,56.0,60.0,0.2,0.2,2257.0,34153.0,2.8,230.0,1064977.0,1.0,93.0
8.0,1.0,1807.0,121.0,76.0,1.0,1.2,27203.0,24142.0,1.8,497.0,965349.0,1.0,86.0
2.0,1.0,1630.0,121.0,98.0,0.2,0.2,104391.0,31531.0,1.0,125.0,1089237.0,1.0,95.0
160.0,140.0,5157.0,419.0,212.0,9.8,25.2,439846.0,73418.0,3.3,161.0,1096931.0,1.0,54.0
4.0,3.0,1900.0,172.0,82.0,0.4,0.4,357236.0,21458.0,1.6,177.0,1085061.0,1.0,91.0
12.0,8.0,4600.0,231.0,189.0,2.8,8.0,264988.0,252353.0,4.6,326.0,1524637.0,1.0,74.0
19.0,9.0,676.0,98.0,69.0,2.2,2.99,27662.0,13993.0,1.2,205.0,1751332.0,1.0,93.0
11.0,11.0,6070.0,358.0,246.0,0.2,0.2,974434.0,50477.0,1.0,657.0,1010163.0,1.0,86.0
1.0,0.0,3454.0,146.0,99.0,0.4,0.8,20262.0,42580.0,1.0,674.0,1058858.0,1.0,92.0
40.0,55.0,5497.0,160.0,103.0,1.4,1.8,31832.0,42627.0,3.4,325.0,1445446.0,1.0,80.0
53.0,64.0,3918.0,636.0,168.0,0.4,0.4,118785.0,79835.0,2.0,158.0,992099.0,1.0,86.0
2.0,1.0,205.0,23.0,21.0,0.2,0.2,11019.0,5549.0,1.0,7116.0,1847163.0,1.0,96.0
2.0,0.0,1997.0,347.0,216.0,0.2,0.2,79789.0,52096.0,1.0,177.0,1064438.0,1.0,89.0
0.0,0.0,218.0,23.0,28.0,0.2,0.2,2094.0,7513.0,1.0,7696.0,1871514.0,1.0,98.0
0.0,0.0,230.0,12.0,31.0,0.4,1.6,430.0,20073.0,1.0,7828.0,1875280.0,1.0,98.0
9.0,9.0,186.0,19.0,18.0,0.2,0.2,3472.0,11255.0,1.0,417.0,1757288.0,1.0,98.0
11.0,0.0,1402.0,176.0,88.0,2.2,2.2,326302.0,64623.0,3.0,1131.0,1538981.0,1.0,90.0
13.0,9.0,1409.0,104.0,95.0,2.2,2.2,58232.0,54434.0,2.5,650.0,1062995.0,1.0,84.0
3.0,0.0,4123.0,229.0,116.0,0.8,0.8,278629.0,221211.0,3.6,3536.0,1329499.0,1.0,89.0
1.0,0.0,4652.0,276.0,178.0,0.8,2.4,93489.0,25181.0,1.6,147.0,1004648.0,1.0,89.0
20.0,18.0,909.0,374.0,134.0,0.2,0.2,564903.0,546743.0,201.0,93.0,6.0,1.0,0.0
10.0,0.0,3467.0,567.0,446.0,8.4,3.2,837479.0,24967.0,5.0,2972.0,1762784.0,1.0,69.0
26.0,20.0,2253.0,148.0,68.0,1.4,1.4,286052.0,33031.0,3.6,7579.0,1379354.0,1.0,89.0
0.0,0.0,574.0,41.0,39.0,0.2,0.2,1714.0,16923.0,2.0,1053.0,1763003.0,1.0,93.0
24.0,4.0,2059.0,299.0,184.0,2.2,2.6,576941.0,262582.0,4.8,416.0,1024258.0,1.0,79.0
9.0,6.0,2444.0,127.0,94.0,0.8,0.8,10375.0,22113.0,3.0,387.0,978213.0,1.0,91.0
19.0,16.0,2550.0,309.0,163.0,0.4,0.4,197970.0,57938.0,7.6,467.0,1322205.0,1.0,89.0
24.0,34.0,3712.0,118.0,92.0,0.2,0.2,102973.0,25526.0,1.6,334.0,1752571.0,1.0,93.0
1.0,0.0,1678.0,99.0,69.0,0.2,0.2,612194.0,17579.0,4.4,285.0,1329640.0,1.0,85.0
2.0,0.0,2840.0,195.0,149.0,0.4,0.4,58645.0,151856.0,2.6,506.0,1544602.0,1.0,92.0
3.0,1.0,477.0,49.0,47.0,2.0,2.0,103752.0,45064.0,2.0,11204.0,1874557.0,1.0,87.0
0.0,0.0,281.0,26.0,29.0,0.2,0.2,22484.0,40083.0,1.0,1852.0,1763705.0,1.0,90.0
6.0,6.0,2945.0,327.0,214.0,0.4,0.4,262196.0,54753.0,1.0,135.0,966686.0,1.0,87.0
1.0,1.0,232.0,19.0,44.0,0.2,0.2,12476.0,6506.0,1.0,7281.0,1875328.0,1.0,98.0
14.0,13.0,1642.0,194.0,201.0,0.4,1.0,587932.0,495713.0,1.0,645.0,1082777.0,1.0,81.0
13.0,3.0,662.0,34.0,35.0,1.4,1.2,26150.0,5587.0,1.0,7405.0,1865309.0,1.0,94.0
2.0,0.0,303.0,27.0,24.0,1.6,1.6,31748.0,14620.0,1.2,6738.0,1853766.0,1.0,92.0
0.0,0.0,1920.0,112.0,87.0,0.0,0.0,13273.0,53920.0,1.2,1950.0,1711416.0,1.0,96.0
2.0,1.0,237.0,20.0,19.0,0.2,0.2,9384.0,10394.0,1.0,6368.0,1852585.0,1.0,98.0
22.0,13.0,3962.0,281.0,187.0,5.8,16.0,85048.0,103566.0,1.0,1082.0,1104157.0,1.0,73.0
1.0,0.0,3623.0,251.0,145.0,0.4,0.4,41068.0,47382.0,1.5,242.0,1129377.0,1.0,88.0
15.0,4.0,1209.0,118.0,77.0,1.6,1.8,97947.0,88854.0,1.3,2764.0,1013981.0,1.0,90.0
4.0,3.0,3183.0,180.0,115.0,0.8,1.2,13539.0,20608.0,1.0,247.0,1011902.0,1.0,88.0
2.0,1.0,870.0,52.0,28.0,1.0,1.6,232556.0,8611.0,1.6,5310.0,1832723.0,1.0,93.0
2.0,0.0,2897.0,199.0,171.0,0.8,2.4,326263.0,140615.0,1.0,534.0,1119382.0,1.0,91.0
18.0,22.0,830.0,112.0,72.0,0.2,0.2,18998.0,32495.0,1.4,1862.0,1770862.0,1.0,88.0
106.0,49.0,2258.0,270.0,216.0,2.0,2.0,138625.0,103691.0,1.0,883.0,1010248.0,1.0,86.0
3.0,0.0,942.0,68.0,72.0,0.6,1.0,122953.0,112252.0,2.0,1860.0,1525842.0,1.0,95.0
47.0,47.0,3219.0,273.0,237.0,5.8,4.8,216165.0,140492.0,3.0,2759.0,1650349.0,1.0,82.0
12.0,2.0,3388.0,463.0,387.0,5.8,2.0,309278.0,98064.0,2.0,356.0,953130.0,1.0,71.0
14.0,9.0,4099.0,408.0,350.0,0.2,0.2,169307.0,106148.0,3.6,233.0,1394261.0,1.0,91.0
7.0,0.0,2448.0,355.0,296.0,5.2,1.6,288536.0,152597.0,4.4,534.0,1725352.0,1.0,83.0
2.0,0.0,2450.0,370.0,201.0,1.2,1.0,265523.0,94422.0,1.0,234.0,1113288.0,1.0,86.0
11.0,6.0,2975.0,303.0,137.0,1.0,2.61,53887.0,26547.0,3.7,808.0,1110774.0,1.0,89.0
12.0,4.0,2194.0,226.0,165.0,2.0,0.8,182972.0,22727.0,2.0,137.0,1105118.0,1.0,85.0
19.0,16.0,4159.0,287.0,180.0,0.4,0.2,314222.0,142441.0,4.2,199.0,1323206.0,1.0,90.0
84.0,47.0,2579.0,355.0,292.0,2.0,2.0,289199.0,192469.0,1.0,998.0,1093544.0,1.0,79.0
13.0,4.0,3250.0,137.0,97.0,2.0,3.6,30021.0,7073.0,5.0,2188.0,1348486.0,1.0,84.0
1.0,0.0,1760.0,184.0,192.0,0.4,0.6,289863.0,262582.0,1.5,684.0,1044353.0,1.0,84.0
13.0,3.0,2120.0,277.0,214.0,0.8,2.2,62230.0,30983.0,2.2,3105.0,1737642.0,1.0,89.0
0.0,0.0,339.0,49.0,10.0,0.2,0.2,15123.0,3804.0,1.0,7110.0,1873408.0,1.0,99.0
0.0,0.0,2219.0,148.0,116.0,0.2,0.2,32355.0,49411.0,1.0,544.0,1022382.0,1.0,94.0
16.0,0.0,2845.0,334.0,158.0,6.0,3.4,932280.0,17609.0,5.8,5058.0,1719349.0,1.0,83.0
3.0,0.0,2384.0,293.0,225.0,0.6,0.6,46740.0,160397.0,1.0,311.0,1069066.0,1.0,87.0
1.0,0.0,1293.0,59.0,49.0,0.6,1.0,3767.0,14409.0,2.4,1268.0,968080.0,1.0,93.0
7.0,0.0,4307.0,301.0,350.0,4.99,4.79,113691.0,506583.0,2.2,540.0,1014933.0,1.0,71.0
14.0,8.0,2121.0,194.0,100.0,5.8,19.4,254587.0,25724.0,2.0,138.0,1107872.0,1.0,76.0
12.0,1.0,2687.0,132.0,162.0,1.6,2.2,101289.0,34127.0,1.5,452.0,1059963.0,1.0,89.0
29.0,38.0,328.0,24.0,18.0,0.6,0.8,49477.0,8454.0,2.2,3435.0,1819314.0,1.0,96.0
0.0,0.0,1751.0,43.0,51.0,0.2,0.2,47969.0,32606.0,2.2,156.0,1760072.0,1.0,96.0
3.0,2.0,2520.0,94.0,67.0,0.4,1.2,9252.0,20524.0,3.5,183.0,1015502.0,1.0,93.0
0.0,0.0,3082.0,154.0,97.0,0.4,1.8,40618.0,23263.0,1.0,183.0,1027330.0,1.0,90.0
30.0,25.0,1951.0,86.0,132.0,1.2,1.6,70927.0,44956.0,1.8,3293.0,1761960.0,1.0,81.0
15.0,1.0,3637.0,545.0,267.0,4.6,2.6,133027.0,41938.0,2.8,204.0,1099102.0,1.0,77.0
1.0,1.0,330.0,40.0,46.0,0.2,0.2,85936.0,34518.0,3.4,1000.0,1717138.0,1.0,95.0
4.0,1.0,3913.0,176.0,129.0,1.0,1.0,63044.0,33613.0,3.0,211.0,1089725.0,1.0,84.0
1.0,0.0,1109.0,77.0,96.0,0.2,0.2,30972.0,91009.0,1.2,403.0,1074365.0,1.0,95.0
3.0,0.0,2297.0,283.0,214.0,0.6,1.0,238430.0,171208.0,1.0,259.0,1054470.0,1.0,85.0
1.0,0.0,371.0,53.0,85.0,0.2,0.2,8026.0,81321.0,2.2,6601.0,1706384.0,1.0,96.0
40.0,24.0,1444.0,155.0,117.0,3.0,3.8,128282.0,45359.0,2.0,253.0,1090144.0,1.0,86.0
4.0,1.0,3423.0,104.0,94.0,1.4,1.8,57427.0,32880.0,2.2,261.0,1527663.0,1.0,91.0
27.0,18.0,3714.0,220.0,99.0,2.8,7.0,460247.0,29730.0,3.7,265.0,1021035.0,1.0,80.0
2.0,0.0,317.0,40.0,23.0,0.2,0.2,35889.0,6305.0,1.8,476.0,1746894.0,1.0,94.0
8.0,1.0,3382.0,168.0,115.0,6.99,22.75,31740.0,16446.0,4.0,329.0,1103171.0,1.0,72.0
2.0,0.0,4574.0,265.0,160.0,0.6,0.6,152091.0,30401.0,2.0,166.0,1057317.0,1.0,87.0
294.0,298.0,3859.0,382.0,235.0,5.99,3.39,123048.0,167229.0,2.6,205.0,1001836.0,1.0,74.0
28.0,2.0,4815.0,343.0,244.0,6.4,17.4,149808.0,49513.0,3.6,405.0,1102202.0,1.0,70.0
11.0,6.0,4938.0,596.0,711.0,1.8,1.0,89363.0,38418.0,1.0,336.0,1024986.0,1.0,81.0
0.0,0.0,1704.0,365.0,358.0,0.2,0.2,11320.0,39615.0,2.2,556.0,1702181.0,1.0,90.0
9.0,0.0,2555.0,397.0,314.0,8.6,3.8,510619.0,46678.0,3.6,8741.0,1864907.0,1.0,77.0
2.0,2.0,1668.0,81.0,91.0,0.2,0.2,127124.0,109027.0,1.3,193.0,1128155.0,1.0,90.0
1.0,0.0,1310.0,187.0,173.0,0.2,0.2,58730.0,45906.0,1.7,302.0,1004142.0,1.0,90.0
56.0,59.0,7625.0,694.0,826.0,4.8,5.0,525258.0,111782.0,7.0,2345.0,1370643.0,1.0,57.0
5.0,1.0,504.0,90.0,33.0,2.0,2.0,53054.0,13833.0,1.0,7461.0,1869166.0,1.0,95.0
0.0,0.0,760.0,92.0,54.0,0.2,0.2,166118.0,48516.0,1.2,286.0,1752392.0,1.0,92.0
30.0,5.0,5937.0,669.0,584.0,11.0,4.4,276587.0,43272.0,199.0,62.0,38.0,1.0,0.0
1.0,0.0,459.0,93.0,44.0,0.2,0.2,333283.0,30776.0,2.6,2006.0,1719051.0,1.0,94.0
5.0,2.0,2574.0,112.0,87.0,0.4,0.6,56458.0,97339.0,3.2,1196.0,1548555.0,1.0,92.0
11.0,3.0,3062.0,260.0,303.0,0.4,0.2,157549.0,461744.0,2.2,506.0,1385634.0,1.0,87.0
1.0,0.0,516.0,91.0,70.0,0.4,0.4,45700.0,18975.0,2.6,1841.0,1768357.0,1.0,89.0
5.0,0.0,3206.0,130.0,106.0,1.4,2.2,98359.0,45104.0,2.6,858.0,1523749.0,1.0,87.0
37.0,53.0,1569.0,139.0,77.0,0.2,0.4,60204.0,26377.0,1.0,328.0,1021311.0,1.0,94.0
4.0,1.0,434.0,40.0,16.0,2.2,2.2,86587.0,12381.0,1.6,11527.0,1882008.0,1.0,89.0
1.0,0.0,3516.0,251.0,138.0,0.2,0.2,219873.0,204131.0,3.6,4032.0,1344037.0,1.0,92.0
3.0,0.0,1195.0,181.0,60.0,2.4,2.4,42713.0,37842.0,2.6,271.0,1754974.0,1.0,92.0
6.0,5.0,166.0,12.0,16.0,0.4,0.2,1256.0,6319.0,1.0,1713.0,1779874.0,1.0,97.0
10.0,0.0,4207.0,145.0,141.0,0.8,2.2,222977.0,112587.0,2.8,133.0,1524387.0,1.0,90.0
596.0,0.0,2779.0,95.0,61.0,0.2,0.2,593425.0,5895.0,5.8,131.0,1352968.0,1.0,76.0
32.0,31.0,813.0,113.0,79.0,3.0,1.2,49470.0,4308.0,2.4,6350.0,1724222.0,1.0,91.0
88.0,102.0,5375.0,463.0,301.0,1.4,2.61,380129.0,173613.0,3.4,418.0,1033974.0,1.0,71.0
4.0,1.0,1048.0,57.0,70.0,1.0,0.8,44646.0,75392.0,2.4,1342.0,1546405.0,1.0,94.0
3.0,3.0,197.0,15.0,17.0,0.2,0.2,7010.0,4904.0,1.0,7348.0,1864270.0,1.0,98.0
2.0,0.0,657.0,40.0,37.0,0.2,0.2,2515.0,9962.0,2.0,6061.0,1693763.0,1.0,97.0
43.0,54.0,1614.0,171.0,124.0,1.4,5.6,203635.0,111536.0,637.0,89.0,9.0,1.0,0.0
37.0,43.0,1221.0,172.0,99.0,0.6,0.8,295353.0,33811.0,336.0,90.0,9.0,1.0,0.0
2.0,1.0,291.0,69.0,24.0,0.2,0.2,478237.0,206365.0,3.4,5597.0,1835384.0,1.0,96.0
6.0,2.0,1197.0,113.0,133.0,0.6,0.6,83006.0,85799.0,2.2,1044.0,1544781.0,1.0,95.0
1.0,1.0,2811.0,273.0,137.0,1.6,4.2,1047353.0,926559.0,3.8,405.0,1034064.0,1.0,81.0
26.0,1.0,3173.0,357.0,226.0,7.4,9.8,231176.0,71434.0,1.4,145.0,996291.0,1.0,58.0
35.0,44.0,3279.0,353.0,299.0,4.6,3.4,269193.0,104279.0,1.5,678.0,1014826.0,1.0,77.0
10.0,7.0,2595.0,193.0,242.0,2.0,3.8,190853.0,456167.0,2.4,367.0,1374733.0,1.0,83.0
7.0,4.0,2319.0,174.0,120.0,2.0,5.6,112936.0,112075.0,1.0,185.0,1060130.0,1.0,84.0
5.0,4.0,2157.0,164.0,139.0,0.6,0.4,155928.0,21930.0,2.0,308.0,1018546.0,1.0,93.0
20.0,14.0,4323.0,184.0,161.0,1.0,2.0,204809.0,125941.0,3.8,276.0,1540699.0,1.0,83.0
19.0,25.0,179.0,10.0,23.0,0.2,0.2,2064.0,8280.0,1.2,7382.0,1874901.0,1.0,98.0
27.0,16.0,4416.0,295.0,182.0,10.8,21.6,165424.0,44132.0,1.5,426.0,1098062.0,1.0,62.0
1.0,0.0,2381.0,118.0,119.0,0.2,0.2,17002.0,111682.0,2.4,640.0,1645008.0,1.0,95.0
1.0,0.0,1965.0,62.0,62.0,0.2,0.2,7315.0,52915.0,2.0,2094.0,1642685.0,1.0,98.0
5.0,0.0,1170.0,156.0,99.0,6.0,3.6,348701.0,245088.0,3.6,3803.0,1822779.0,1.0,82.0
8.0,0.0,2363.0,472.0,349.0,3.59,1.2,187907.0,130569.0,1.0,432.0,1060201.0,1.0,83.0
11.0,16.0,136.0,10.0,19.0,0.2,0.2,426.0,14960.0,1.0,8504.0,1862603.0,1.0,98.0
46.0,55.0,1866.0,133.0,101.0,2.0,3.99,252497.0,173340.0,4.4,2889.0,1546965.0,1.0,89.0
0.0,0.0,138.0,8.0,13.0,0.2,0.2,490.0,9087.0,1.0,583.0,1732768.0,1.0,99.0
25.0,37.0,2151.0,140.0,139.0,0.8,1.6,12995.0,63897.0,2.8,541.0,1388173.0,1.0,90.0
36.0,3.0,3491.0,468.0,331.0,9.6,18.4,329289.0,34314.0,3.2,476.0,1087774.0,1.0,63.0
3.0,2.0,3163.0,216.0,115.0,0.2,0.2,52430.0,54479.0,2.2,1400.0,1754115.0,1.0,86.0
0.0,0.0,266.0,46.0,39.0,0.2,0.2,17961.0,5218.0,1.0,7227.0,1847184.0,1.0,98.0
2.0,1.0,333.0,52.0,36.0,0.4,0.4,1366.0,10612.0,1.2,1311.0,1742307.0,1.0,96.0
47.0,67.0,1061.0,122.0,80.0,0.4,0.6,138370.0,33738.0,3.0,550.0,1009661.0,1.0,92.0
41.0,59.0,2408.0,434.0,188.0,0.6,0.6,544624.0,738665.0,3.2,565.0,1042760.0,1.0,88.0
0.0,0.0,314.0,40.0,40.0,0.6,0.6,6241.0,9258.0,2.0,3170.0,1708352.0,1.0,97.0
16.0,20.0,597.0,100.0,56.0,2.2,2.2,284141.0,231272.0,3.2,3454.0,1823072.0,1.0,85.0
40.0,23.0,5016.0,469.0,356.0,2.2,2.99,174025.0,440935.0,1.4,133.0,991666.0,1.0,64.0
14.0,2.0,4395.0,517.0,446.0,7.8,2.2,284606.0,35105.0,3.6,781.0,1719930.0,1.0,76.0
34.0,37.0,3359.0,497.0,412.0,8.4,2.2,453532.0,21230.0,2.6,165.0,1743528.0,1.0,77.0
11.0,11.0,3268.0,229.0,133.0,0.2,0.2,135267.0,29878.0,1.0,127.0,981844.0,1.0,92.0
15.0,4.0,1535.0,91.0,79.0,1.4,3.6,81085.0,23764.0,1.8,1561.0,970909.0,1.0,90.0
12.0,2.0,2144.0,148.0,134.0,3.0,9.2,97089.0,19517.0,4.4,887.0,1638498.0,1.0,90.0
55.0,75.0,3564.0,475.0,433.0,2.4,0.8,838904.0,847055.0,2.0,1726.0,996467.0,1.0,65.0
46.0,57.0,1935.0,157.0,93.0,2.0,1.0,262074.0,63713.0,365.0,90.0,10.0,1.0,0.0
9.0,1.0,4652.0,285.0,164.0,3.4,5.4,314418.0,78977.0,1.4,278.0,989790.0,1.0,79.0
0.0,0.0,302.0,33.0,61.0,0.2,0.2,36566.0,50719.0,1.0,2729.0,1768495.0,1.0,94.0
1.0,1.0,341.0,52.0,40.0,0.6,0.6,29813.0,24090.0,2.2,381.0,1716736.0,1.0,98.0
3.0,2.0,615.0,98.0,43.0,1.2,3.8,437999.0,380525.0,2.8,5752.0,1837685.0,1.0,95.0
6.0,1.0,1038.0,43.0,45.0,1.0,1.8,39702.0,38793.0,2.4,629.0,1513416.0,1.0,95.0
32.0,46.0,2016.0,153.0,132.0,0.6,1.6,23334.0,18460.0,1.0,272.0,1026328.0,1.0,93.0
34.0,11.0,5892.0,131.0,111.0,3.2,8.8,198671.0,85450.0,3.4,685.0,1630339.0,1.0,75.0
14.0,6.0,2394.0,203.0,148.0,2.6,2.0,127529.0,96304.0,4.6,2892.0,1560206.0,1.0,88.0
5.0,0.0,1187.0,142.0,84.0,1.2,1.0,22717.0,16533.0,4.5,1099.0,1018461.0,1.0,94.0
1.0,0.0,3841.0,296.0,134.0,0.2,0.2,19987.0,52794.0,2.0,4644.0,1730949.0,1.0,91.0
0.0,0.0,2061.0,150.0,104.0,0.2,0.2,48089.0,87253.0,2.6,722.0,1769267.0,1.0,86.0
17.0,16.0,788.0,81.0,69.0,0.4,0.2,10555.0,42588.0,1.6,523.0,967448.0,1.0,96.0
14.0,13.0,2410.0,265.0,194.0,0.2,0.2,29585.0,37210.0,1.5,171.0,1085166.0,1.0,94.0
9.0,0.0,1366.0,136.0,84.0,4.4,4.6,203565.0,153111.0,4.2,1756.0,1755198.0,1.0,85.0
0.0,0.0,166.0,10.0,20.0,0.2,0.2,431.0,12101.0,1.0,6040.0,1855672.0,1.0,98.0
2.0,0.0,1557.0,97.0,84.0,2.0,2.4,41239.0,16244.0,3.4,518.0,1053942.0,1.0,91.0
37.0,52.0,2114.0,213.0,122.0,0.4,0.4,51742.0,61601.0,3.0,157.0,1102712.0,1.0,92.0
34.0,48.0,3941.0,283.0,270.0,1.8,0.8,194163.0,352420.0,2.6,882.0,1372090.0,1.0,87.0
4.0,1.0,639.0,111.0,108.0,0.8,0.8,81040.0,53388.0,2.4,6908.0,1713547.0,1.0,94.0
6.0,2.0,1746.0,176.0,39.0,0.4,0.6,53078.0,35289.0,1.4,6830.0,1826608.0,1.0,95.0
34.0,5.0,4791.0,581.0,358.0,4.2,1.4,211613.0,53201.0,9.2,146.0,1288742.0,1.0,76.0
0.0,0.0,1745.0,229.0,97.0,0.2,0.2,19591.0,17415.0,1.4,1762.0,1074608.0,1.0,94.0
9.0,1.0,3357.0,149.0,145.0,1.0,1.2,122904.0,40944.0,5.2,3092.0,1538472.0,1.0,89.0
7.0,5.0,2818.0,137.0,128.0,0.4,0.4,11207.0,32846.0,1.8,2034.0,969880.0,1.0,91.0
10.0,2.0,3473.0,350.0,194.0,6.39,4.79,336687.0,21143.0,4.4,8008.0,1860413.0,1.0,75.0
43.0,52.0,4584.0,255.0,139.0,0.6,0.8,240501.0,28792.0,1.2,629.0,1119488.0,1.0,86.0
16.0,3.0,5849.0,521.0,474.0,5.6,2.2,347734.0,92820.0,1.7,279.0,971722.0,1.0,70.0
98.0,63.0,2605.0,303.0,217.0,8.2,21.8,535376.0,133157.0,1.5,441.0,1098037.0,1.0,69.0
70.0,100.0,1169.0,61.0,47.0,0.6,2.2,30737.0,21237.0,1.0,139.0,1061795.0,1.0,93.0
5.0,0.0,4236.0,359.0,245.0,2.8,4.0,133690.0,28826.0,1.0,229.0,1054146.0,1.0,82.0
1.0,1.0,208.0,13.0,13.0,0.2,0.2,8649.0,3393.0,1.0,7381.0,1865600.0,1.0,98.0
67.0,66.0,1117.0,430.0,154.0,0.4,0.2,631396.0,632869.0,688.0,94.0,6.0,1.0,0.0
17.0,13.0,4699.0,823.0,422.0,0.8,0.8,78499.0,25513.0,4.2,360.0,1536730.0,1.0,84.0
518.0,8.0,1623.0,107.0,102.0,2.4,0.8,73351.0,37095.0,1.4,3024.0,1845179.0,1.0,80.0
6.0,0.0,2755.0,168.0,152.0,0.2,0.2,301436.0,22497.0,2.6,1811.0,1695318.0,1.0,91.0
4.0,1.0,809.0,99.0,91.0,2.0,0.8,63513.0,61487.0,1.2,7583.0,1865490.0,1.0,93.0
1.0,1.0,1078.0,34.0,30.0,0.4,0.4,1887.0,3124.0,2.0,2233.0,1697794.0,1.0,96.0
1.0,0.0,3197.0,463.0,320.0,0.2,0.2,11613.0,98812.0,1.5,441.0,1070038.0,1.0,90.0
30.0,2.0,2242.0,133.0,75.0,6.6,18.2,207579.0,25105.0,2.2,1668.0,1110758.0,1.0,78.0
5.0,1.0,6795.0,310.0,214.0,2.2,7.41,180947.0,182196.0,1.7,639.0,993645.0,1.0,81.0
32.0,2.0,2166.0,147.0,100.0,7.8,20.8,47079.0,35106.0,3.6,128.0,1106608.0,1.0,75.0
39.0,48.0,4804.0,274.0,179.0,1.4,1.6,138000.0,56152.0,5.6,148.0,1302861.0,1.0,82.0
40.0,26.0,1207.0,88.0,104.0,1.8,1.8,110864.0,69840.0,3.2,193.0,1535515.0,1.0,91.0
6.0,0.0,3334.0,631.0,157.0,5.6,7.0,468101.0,46656.0,1.3,112.0,1112576.0,1.0,63.0
34.0,0.0,1377.0,82.0,82.0,1.8,0.8,34866.0,18090.0,1.0,163.0,1067130.0,1.0,93.0
17.0,14.0,4356.0,444.0,251.0,3.6,4.2,297685.0,58701.0,3.2,337.0,1136794.0,1.0,79.0
5.0,0.0,1798.0,107.0,103.0,4.2,8.6,53830.0,50292.0,2.0,4175.0,1820453.0,1.0,89.0
2.0,0.0,2157.0,123.0,84.0,0.4,0.6,88150.0,5522.0,3.8,6643.0,1411531.0,1.0,96.0
8.0,2.0,1095.0,80.0,76.0,0.2,0.2,234011.0,61095.0,2.6,1328.0,1540717.0,1.0,94.0
60.0,85.0,2690.0,281.0,214.0,0.6,0.6,444983.0,419165.0,3.6,421.0,1327763.0,1.0,80.0
0.0,0.0,1181.0,67.0,66.0,0.2,0.2,39602.0,77617.0,1.8,306.0,1118776.0,1.0,91.0
44.0,53.0,3236.0,552.0,553.0,3.2,1.4,436934.0,459568.0,2.8,623.0,1059738.0,1.0,80.0
3.0,0.0,1274.0,139.0,80.0,0.6,0.6,218359.0,26748.0,5.4,200.0,1031841.0,1.0,91.0
9.0,5.0,728.0,72.0,75.0,0.6,1.0,4942.0,57669.0,2.0,381.0,1089528.0,1.0,95.0
2.0,0.0,537.0,96.0,39.0,0.2,0.2,114833.0,115848.0,3.2,704.0,1744550.0,1.0,96.0
2.0,1.0,1420.0,104.0,77.0,0.2,0.2,8669.0,23573.0,2.5,178.0,1085574.0,1.0,96.0
10.0,1.0,1591.0,329.0,137.0,1.6,2.0,192864.0,11556.0,3.8,6061.0,1709011.0,1.0,88.0
18.0,12.0,2192.0,420.0,153.0,0.4,0.4,710333.0,550980.0,328.0,82.0,18.0,1.0,0.0
4.0,3.0,1887.0,144.0,93.0,0.2,0.2,48118.0,58743.0,2.4,2097.0,1720363.0,1.0,95.0
9.0,7.0,3711.0,208.0,121.0,2.2,7.8,193836.0,177797.0,3.2,2513.0,1582630.0,1.0,80.0
3.0,0.0,2547.0,131.0,144.0,0.2,0.2,8134.0,96050.0,2.5,381.0,1061312.0,1.0,92.0
65.0,82.0,1599.0,98.0,92.0,2.8,4.8,166910.0,98679.0,3.0,1842.0,1542608.0,1.0,84.0
5.0,3.0,1926.0,417.0,175.0,0.2,0.6,271043.0,264934.0,4.2,2412.0,1574105.0,1.0,89.0
0.0,0.0,603.0,44.0,41.0,0.2,0.2,1271.0,13421.0,1.0,730.0,1034027.0,1.0,97.0
5.0,2.0,1918.0,140.0,109.0,0.8,0.8,123435.0,146039.0,2.4,2156.0,1550651.0,1.0,94.0
10.0,9.0,3305.0,179.0,161.0,0.8,1.2,23778.0,15635.0,2.4,1140.0,1458098.0,1.0,89.0
1.0,1.0,1438.0,49.0,29.0,0.0,0.0,95495.0,11982.0,1.2,8239.0,1863088.0,1.0,95.0
6.0,2.0,2352.0,190.0,100.0,0.6,0.8,484452.0,29922.0,1.0,209.0,1026242.0,1.0,91.0
15.0,14.0,1484.0,106.0,79.0,0.8,2.0,24168.0,29798.0,1.0,175.0,1017035.0,1.0,91.0
7.0,2.0,889.0,35.0,27.0,1.2,5.2,47274.0,23119.0,2.0,483.0,1532344.0,1.0,95.0
26.0,0.0,3800.0,698.0,406.0,7.2,5.2,241006.0,160185.0,3.8,820.0,1538923.0,1.0,68.0
7.0,5.0,4324.0,723.0,264.0,2.6,9.0,532078.0,21737.0,3.4,2486.0,1409182.0,1.0,77.0
96.0,113.0,3173.0,407.0,316.0,3.0,2.4,262944.0,45752.0,2.2,503.0,1120907.0,1.0,81.0
2.0,1.0,396.0,35.0,30.0,0.4,0.4,7359.0,9680.0,1.0,7693.0,1871504.0,1.0,97.0
15.0,13.0,1720.0,151.0,92.0,0.6,1.0,340969.0,30999.0,1.5,400.0,979176.0,1.0,93.0
1.0,0.0,220.0,12.0,19.0,0.4,0.4,2501.0,8204.0,1.0,5782.0,1864648.0,1.0,96.0
2.0,1.0,1121.0,47.0,59.0,0.6,0.6,36839.0,68383.0,2.0,4682.0,1725306.0,1.0,94.0
7.0,5.0,1376.0,297.0,124.0,0.2,0.2,894427.0,742384.0,1886.0,86.0,14.0,1.0,0.0
1.0,0.0,520.0,112.0,42.0,0.2,0.4,168661.0,164328.0,3.0,929.0,1749128.0,1.0,96.0
20.0,8.0,2207.0,208.0,97.0,2.8,4.4,252626.0,99620.0,2.0,483.0,1014834.0,1.0,77.0
4.0,2.0,2896.0,373.0,301.0,1.2,2.0,138977.0,35508.0,3.0,1255.0,1719930.0,1.0,86.0
186.0,167.0,5364.0,578.0,343.0,2.4,0.8,518970.0,232856.0,3.4,136.0,1326243.0,1.0,80.0
3.0,2.0,2557.0,139.0,120.0,1.0,1.6,9275.0,52926.0,2.0,264.0,1129726.0,1.0,90.0
1.0,0.0,2284.0,92.0,62.0,0.2,0.2,20074.0,11558.0,1.8,828.0,1750747.0,1.0,87.0
14.0,4.0,4556.0,730.0,385.0,3.8,1.4,328442.0,162971.0,4.8,2816.0,1602554.0,1.0,76.0
6.0,4.0,1532.0,130.0,55.0,0.6,1.0,228855.0,43159.0,323.0,93.0,7.0,1.0,0.0
57.0,1.0,3518.0,301.0,132.0,10.6,29.0,588337.0,75972.0,2.6,172.0,1094818.0,1.0,59.0
21.0,31.0,648.0,46.0,39.0,0.2,0.2,86065.0,16965.0,1.0,913.0,1746004.0,1.0,96.0
1.0,1.0,488.0,33.0,42.0,0.2,0.2,9922.0,141695.0,1.2,5652.0,1836271.0,1.0,97.0
9.0,0.0,5143.0,487.0,347.0,6.59,3.19,218950.0,79051.0,1.0,157.0,1114036.0,1.0,73.0
2.0,1.0,2675.0,143.0,94.0,0.2,0.2,304215.0,19274.0,3.0,690.0,1757880.0,1.0,81.0
1.0,0.0,696.0,32.0,59.0,0.2,0.2,142694.0,162378.0,2.8,5323.0,1680498.0,1.0,89.0
13.0,6.0,1792.0,138.0,89.0,1.8,2.0,85911.0,18297.0,1.0,552.0,1015315.0,1.0,90.0
5.0,0.0,2846.0,512.0,341.0,4.8,2.0,330346.0,186516.0,6.8,3606.0,1596098.0,1.0,80.0
8.0,1.0,1845.0,203.0,174.0,7.8,4.2,209312.0,137191.0,2.8,6634.0,1848373.0,1.0,80.0
43.0,53.0,3209.0,322.0,289.0,1.4,3.8,240965.0,28418.0,4.8,2827.0,1375077.0,1.0,87.0
18.0,25.0,223.0,21.0,32.0,0.2,0.2,1187.0,21394.0,1.6,4123.0,1780992.0,1.0,90.0
42.0,51.0,3598.0,192.0,152.0,1.0,1.0,326100.0,239844.0,1.4,249.0,1014642.0,1.0,82.0
9.0,7.0,1530.0,247.0,135.0,0.4,0.4,14513.0,61905.0,141.0,89.0,11.0,1.0,0.0
7.0,5.0,581.0,65.0,65.0,0.8,0.6,216603.0,25199.0,156.0,95.0,5.0,1.0,0.0
2.0,1.0,696.0,64.0,47.0,0.8,0.8,58463.0,39507.0,1.2,8575.0,1840258.0,1.0,94.0
3.0,1.0,570.0,75.0,63.0,2.2,2.2,208429.0,64691.0,2.0,1320.0,1796026.0,1.0,84.0
98.0,92.0,2289.0,455.0,304.0,2.0,1.0,1079576.0,56489.0,1.0,193.0,974730.0,1.0,84.0
3.0,1.0,3289.0,165.0,162.0,1.6,2.4,112097.0,189578.0,3.0,173.0,997024.0,1.0,85.0
0.0,0.0,194.0,25.0,24.0,0.2,0.2,616.0,9071.0,1.0,1363.0,1761824.0,1.0,97.0
0.0,0.0,2879.0,140.0,148.0,0.2,0.2,5634.0,34852.0,2.4,266.0,1709136.0,1.0,93.0
13.0,3.0,744.0,45.0,66.0,1.2,1.0,52868.0,11534.0,1.0,7564.0,1871114.0,1.0,92.0
7.0,0.0,1296.0,150.0,46.0,6.0,4.4,100834.0,24403.0,1.5,615.0,1064864.0,1.0,86.0
26.0,36.0,5731.0,312.0,224.0,0.8,0.8,155004.0,264757.0,3.2,249.0,1383946.0,1.0,81.0
19.0,0.0,4181.0,302.0,162.0,4.79,13.37,492647.0,33582.0,3.4,156.0,1086548.0,1.0,76.0
9.0,1.0,4655.0,404.0,140.0,3.6,5.8,400425.0,55951.0,1.4,939.0,1048038.0,1.0,78.0
15.0,9.0,841.0,148.0,104.0,1.0,0.8,156734.0,17341.0,316.0,91.0,9.0,1.0,0.0
0.0,0.0,1758.0,116.0,166.0,0.2,0.2,49953.0,70743.0,2.0,274.0,1705742.0,1.0,96.0
4.0,2.0,2426.0,145.0,307.0,1.0,0.4,39889.0,42104.0,1.0,264.0,1054392.0,1.0,91.0
5.0,4.0,519.0,66.0,71.0,0.2,0.2,92342.0,18279.0,147.0,97.0,3.0,1.0,0.0
83.0,100.0,4659.0,260.0,242.0,3.4,7.0,87695.0,133647.0,3.8,1069.0,1639603.0,1.0,78.0
45.0,60.0,1219.0,67.0,42.0,0.6,1.2,122445.0,17921.0,145.0,93.0,7.0,1.0,0.0
1.0,0.0,1413.0,168.0,67.0,0.2,0.2,146112.0,137143.0,4.0,2372.0,1575277.0,1.0,96.0
277.0,296.0,3809.0,566.0,472.0,7.4,6.4,459817.0,349319.0,4.8,207.0,1039954.0,1.0,56.0
0.0,0.0,152.0,6.0,12.0,0.2,0.2,416.0,9545.0,1.0,7550.0,1878208.0,1.0,99.0
19.0,25.0,197.0,15.0,18.0,0.2,0.2,7457.0,4595.0,1.2,7548.0,1870232.0,1.0,97.0
1.0,0.0,4275.0,278.0,192.0,0.6,0.6,398919.0,146602.0,2.2,158.0,990227.0,1.0,81.0
1.0,1.0,313.0,23.0,40.0,0.2,0.2,8460.0,103930.0,1.0,5683.0,1840152.0,1.0,96.0
0.0,0.0,1743.0,122.0,71.0,0.4,0.4,89137.0,21834.0,2.2,2483.0,1700363.0,1.0,93.0
11.0,17.0,194.0,9.0,18.0,0.2,0.2,3431.0,62750.0,1.0,7080.0,1858637.0,1.0,98.0
24.0,34.0,2649.0,279.0,186.0,0.4,1.8,31652.0,29714.0,1.2,127.0,1085298.0,1.0,89.0
15.0,20.0,413.0,38.0,23.0,2.2,2.2,80964.0,22418.0,1.2,6812.0,1855458.0,1.0,88.0
51.0,76.0,2023.0,193.0,101.0,0.2,0.2,130770.0,18136.0,2.4,3438.0,1710080.0,1.0,91.0
4.0,0.0,2668.0,224.0,185.0,2.0,7.0,55466.0,68582.0,1.7,652.0,1096485.0,1.0,87.0
7.0,0.0,3918.0,360.0,321.0,3.6,2.6,130383.0,67078.0,1.0,462.0,1059221.0,1.0,79.0
0.0,0.0,603.0,117.0,91.0,0.2,0.2,2101.0,12113.0,2.2,700.0,1721992.0,1.0,96.0
28.0,2.0,3169.0,160.0,128.0,2.4,5.2,258909.0,77744.0,3.4,1787.0,1644523.0,1.0,84.0
79.0,42.0,5462.0,343.0,292.0,7.98,18.36,216677.0,161066.0,2.5,258.0,1097418.0,1.0,67.0
74.0,1.0,2589.0,379.0,212.0,1.2,5.6,795637.0,70712.0,1.5,220.0,1088314.0,1.0,85.0
9.0,4.0,3289.0,385.0,348.0,3.6,1.0,161759.0,86979.0,1.0,539.0,966606.0,1.0,81.0
71.0,87.0,5000.0,470.0,208.0,1.4,1.4,293420.0,86058.0,1.0,125.0,984354.0,1.0,79.0
3.0,1.0,2002.0,144.0,91.0,1.8,1.6,31286.0,18379.0,3.0,1495.0,1717507.0,1.0,92.0
32.0,47.0,2093.0,164.0,129.0,1.2,3.8,94847.0,16603.0,1.4,440.0,1104264.0,1.0,89.0
11.0,8.0,1466.0,184.0,138.0,1.0,1.2,113794.0,81996.0,1.2,291.0,971772.0,1.0,90.0
2.0,0.0,340.0,28.0,18.0,2.0,2.0,51800.0,20787.0,1.0,8092.0,1868448.0,1.0,91.0
23.0,9.0,2195.0,171.0,141.0,2.4,4.4,121359.0,54590.0,3.0,195.0,1295782.0,1.0,83.0
3.0,0.0,4364.0,172.0,182.0,0.4,0.4,116745.0,177014.0,3.4,159.0,1619979.0,1.0,87.0
45.0,64.0,712.0,47.0,46.0,0.4,0.4,42938.0,14112.0,2.2,488.0,992288.0,1.0,95.0
1.0,0.0,160.0,16.0,16.0,0.2,0.2,752.0,6999.0,1.4,566.0,1738057.0,1.0,97.0
64.0,78.0,1355.0,110.0,98.0,0.2,0.2,277664.0,225439.0,6.4,1512.0,1549362.0,1.0,93.0
9.0,0.0,2486.0,178.0,157.0,6.39,18.56,57610.0,57884.0,2.4,173.0,1101016.0,1.0,78.0
2.0,1.0,2695.0,222.0,152.0,1.2,1.8,241693.0,134072.0,2.0,529.0,1007079.0,1.0,84.0
8.0,1.0,2025.0,315.0,249.0,6.4,2.4,412247.0,27624.0,2.0,5317.0,1860229.0,1.0,84.0
0.0,0.0,467.0,146.0,10.0,0.2,0.2,1115367.0,6098.0,2.4,8469.0,1868200.0,1.0,97.0
3.0,2.0,1894.0,122.0,116.0,0.2,0.2,5776.0,29548.0,165.0,95.0,5.0,1.0,0.0
0.0,0.0,6707.0,278.0,213.0,0.2,0.2,30362.0,148179.0,2.6,135.0,1011721.0,1.0,85.0
2.0,0.0,3693.0,118.0,110.0,0.8,2.0,45770.0,27854.0,1.0,1057.0,1055381.0,1.0,90.0
4.0,1.0,4437.0,722.0,402.0,0.4,1.8,49022.0,91833.0,1.0,325.0,1074453.0,1.0,87.0
7.0,5.0,2049.0,224.0,219.0,0.4,1.8,24158.0,36335.0,1.0,360.0,976131.0,1.0,92.0
6.0,0.0,4876.0,443.0,331.0,5.2,1.6,473486.0,62373.0,2.0,226.0,1115813.0,1.0,78.0
7.0,0.0,1505.0,208.0,172.0,3.4,1.0,78118.0,5127.0,2.4,6385.0,1711518.0,1.0,90.0
33.0,47.0,2047.0,86.0,79.0,0.2,0.2,49666.0,33156.0,1.4,177.0,1744294.0,1.0,92.0
10.0,1.0,5406.0,252.0,156.0,5.0,18.4,145463.0,50994.0,1.0,183.0,1022437.0,1.0,74.0
53.0,0.0,3760.0,272.0,112.0,12.83,36.67,434501.0,32705.0,2.3,185.0,1108132.0,1.0,55.0
48.0,44.0,5793.0,705.0,325.0,13.4,34.8,251986.0,151431.0,1.0,1188.0,1087403.0,1.0,56.0
6.0,2.0,1965.0,103.0,93.0,2.2,2.4,24422.0,25113.0,1.0,2197.0,1047750.0,1.0,87.0
15.0,10.0,4119.0,150.0,118.0,1.2,1.4,107909.0,12136.0,3.6,7383.0,1388517.0,1.0,89.0
0.0,0.0,159.0,11.0,32.0,0.2,0.2,426.0,11790.0,1.0,6137.0,1856768.0,1.0,98.0
5.0,2.0,2398.0,226.0,178.0,2.4,0.8,131588.0,156048.0,2.8,189.0,1124510.0,1.0,84.0
42.0,57.0,2754.0,224.0,136.0,1.0,1.2,57544.0,63620.0,2.6,192.0,1525907.0,1.0,84.0
18.0,14.0,5708.0,256.0,157.0,0.6,0.6,31628.0,26477.0,5.2,143.0,1521075.0,1.0,86.0
5.0,4.0,2261.0,193.0,123.0,0.4,0.4,46972.0,154058.0,1.4,8466.0,1882056.0,1.0,92.0
30.0,7.0,7683.0,542.0,241.0,7.98,13.17,675257.0,171753.0,6.4,870.0,1462826.0,1.0,62.0
8.0,8.0,1255.0,100.0,85.0,0.6,0.4,3412.0,27903.0,2.5,913.0,975482.0,1.0,94.0
31.0,21.0,1721.0,247.0,150.0,1.6,1.8,48063.0,31129.0,2.0,151.0,942600.0,1.0,87.0
54.0,61.0,1893.0,180.0,146.0,1.0,1.4,78679.0,54207.0,1.4,177.0,967460.0,1.0,85.0
14.0,4.0,1575.0,358.0,236.0,2.2,1.8,468846.0,173574.0,1.0,362.0,1070280.0,1.0,88.0
15.0,0.0,1491.0,50.0,50.0,3.58,11.33,45636.0,29872.0,1.5,676.0,1055254.0,1.0,87.0
6.0,5.0,1860.0,128.0,103.0,0.6,0.8,118921.0,56765.0,2.2,238.0,982450.0,1.0,92.0
2.0,1.0,2454.0,77.0,73.0,0.2,0.2,112866.0,26523.0,2.6,301.0,983820.0,1.0,92.0
48.0,71.0,2884.0,331.0,406.0,0.4,0.4,23080.0,60545.0,3.2,1672.0,1699862.0,1.0,88.0
1.0,0.0,2899.0,66.0,70.0,0.2,0.2,5039.0,57219.0,2.2,2536.0,1644000.0,1.0,96.0
81.0,45.0,1479.0,180.0,199.0,0.8,2.0,110797.0,88252.0,335.0,90.0,10.0,1.0,0.0
16.0,14.0,1384.0,95.0,123.0,0.2,0.2,16407.0,93892.0,1.0,662.0,1069851.0,1.0,93.0
18.0,2.0,2669.0,188.0,168.0,3.6,9.2,197760.0,233386.0,4.2,920.0,1632099.0,1.0,83.0
7.0,5.0,3577.0,180.0,135.0,0.6,3.01,100188.0,34902.0,1.0,517.0,984358.0,1.0,89.0
3.0,1.0,474.0,43.0,50.0,2.4,2.4,72534.0,44687.0,1.8,236.0,1801544.0,1.0,85.0
2.0,1.0,823.0,62.0,45.0,0.4,0.4,89883.0,10946.0,1.2,957.0,1746548.0,1.0,96.0
13.0,13.0,218.0,19.0,28.0,0.2,0.2,4963.0,25330.0,1.0,7582.0,1878664.0,1.0,97.0
77.0,97.0,4424.0,643.0,459.0,6.8,2.2,267250.0,154996.0,1.0,931.0,996768.0,1.0,68.0
1.0,0.0,1611.0,66.0,70.0,0.2,0.2,16723.0,50242.0,1.3,581.0,1019464.0,1.0,96.0
34.0,1.0,3783.0,444.0,258.0,9.0,20.0,265747.0,38436.0,3.2,128.0,1108579.0,1.0,66.0
21.0,9.0,3550.0,435.0,277.0,3.6,2.8,292689.0,104828.0,1.0,2609.0,997461.0,1.0,78.0
0.0,0.0,310.0,49.0,48.0,0.2,0.2,1355.0,16980.0,1.2,415.0,1722994.0,1.0,97.0
0.0,0.0,1308.0,95.0,53.0,0.2,0.2,212600.0,31039.0,2.0,361.0,1032442.0,1.0,95.0
0.0,0.0,185.0,16.0,16.0,0.2,0.2,1044.0,2335.0,2.0,9887.0,1870296.0,1.0,97.0
6.0,1.0,3196.0,299.0,300.0,3.2,1.0,258950.0,352656.0,2.6,399.0,1382054.0,1.0,82.0
123.0,58.0,668.0,228.0,199.0,0.2,0.2,575770.0,196314.0,2.8,6158.0,1836848.0,1.0,94.0
51.0,2.0,3367.0,223.0,168.0,9.4,20.2,327304.0,119062.0,1.6,173.0,1093862.0,1.0,62.0
49.0,70.0,2104.0,412.0,136.0,0.8,0.6,590463.0,559409.0,265.0,84.0,16.0,1.0,0.0
1.0,0.0,917.0,70.0,37.0,0.6,1.0,16214.0,19692.0,3.5,2854.0,1009477.0,1.0,95.0
4.0,0.0,1031.0,153.0,113.0,0.8,0.8,632762.0,87279.0,2.0,132.0,1035902.0,1.0,91.0
12.0,3.0,4291.0,458.0,337.0,5.99,6.59,357707.0,102795.0,1.3,2796.0,999281.0,1.0,69.0
0.0,0.0,1944.0,114.0,133.0,0.2,0.2,10959.0,36319.0,2.0,136.0,1053427.0,1.0,94.0
36.0,50.0,1133.0,189.0,95.0,1.0,1.4,290876.0,217223.0,4.0,2282.0,1603541.0,1.0,92.0
53.0,55.0,5853.0,192.0,134.0,2.58,9.74,148495.0,241613.0,4.2,252.0,1510335.0,1.0,73.0
22.0,1.0,3850.0,262.0,159.0,4.38,2.99,332663.0,56147.0,4.0,292.0,1614306.0,1.0,80.0
6.0,1.0,2298.0,140.0,82.0,0.8,2.2,345233.0,10552.0,6.8,150.0,1314242.0,1.0,81.0
13.0,3.0,1651.0,78.0,60.0,0.8,3.0,56684.0,21286.0,1.0,590.0,1032789.0,1.0,91.0
0.0,0.0,149.0,10.0,11.0,0.2,0.2,3890.0,9804.0,1.0,8673.0,1865980.0,1.0,99.0
98.0,127.0,680.0,54.0,44.0,1.0,0.6,12159.0,22830.0,1.8,348.0,975070.0,1.0,92.0
2.0,0.0,2140.0,170.0,142.0,1.4,1.4,280183.0,189646.0,1.2,677.0,1053309.0,1.0,82.0
32.0,14.0,3547.0,382.0,358.0,2.0,2.61,241903.0,217797.0,1.0,1016.0,1084180.0,1.0,86.0
3.0,0.0,700.0,70.0,59.0,0.8,0.4,12315.0,17456.0,1.7,465.0,1060077.0,1.0,95.0
0.0,0.0,2132.0,129.0,62.0,0.2,0.2,90813.0,28590.0,1.6,488.0,1742493.0,1.0,93.0
2.0,0.0,2732.0,289.0,273.0,1.6,6.21,14112.0,28338.0,2.2,638.0,1099346.0,1.0,88.0
7.0,0.0,2144.0,344.0,296.0,6.6,1.8,203939.0,12761.0,2.6,7276.0,1846826.0,1.0,85.0
6.0,3.0,4043.0,396.0,249.0,2.2,3.41,247607.0,41688.0,2.8,159.0,1131335.0,1.0,79.0
68.0,20.0,4502.0,547.0,406.0,5.0,5.0,176961.0,167776.0,1.0,295.0,1086019.0,1.0,75.0
9.0,4.0,3539.0,208.0,113.0,1.4,7.0,204879.0,6080.0,5.0,506.0,1319302.0,1.0,88.0
17.0,17.0,1832.0,199.0,74.0,0.4,0.4,254770.0,220716.0,4.4,2514.0,1604200.0,1.0,96.0
2.0,1.0,210.0,13.0,23.0,0.4,0.4,12083.0,13571.0,1.0,6128.0,1864090.0,1.0,97.0
1.0,1.0,190.0,37.0,19.0,0.2,0.2,244154.0,224365.0,2.6,3659.0,1819845.0,1.0,97.0
3.0,2.0,1421.0,139.0,99.0,0.6,0.6,108524.0,50858.0,2.0,140.0,1054172.0,1.0,90.0
62.0,79.0,1022.0,113.0,81.0,0.6,1.8,98428.0,29898.0,1.0,179.0,1015712.0,1.0,95.0
42.0,57.0,3647.0,435.0,185.0,2.8,3.8,75594.0,54490.0,1.0,424.0,1124478.0,1.0,77.0
11.0,3.0,5355.0,217.0,189.0,1.0,2.6,69167.0,77462.0,3.0,928.0,1523869.0,1.0,86.0
1.0,1.0,1063.0,103.0,69.0,0.2,0.2,28393.0,153133.0,1.4,8360.0,1864864.0,1.0,95.0
29.0,11.0,984.0,106.0,79.0,5.2,3.2,132091.0,47371.0,4.8,6101.0,1707683.0,1.0,87.0
6.0,5.0,1742.0,114.0,96.0,0.4,0.6,39603.0,19967.0,2.2,732.0,974256.0,1.0,92.0
24.0,8.0,6091.0,495.0,274.0,4.2,4.2,565155.0,81709.0,4.8,238.0,1461266.0,1.0,74.0
24.0,14.0,3061.0,237.0,138.0,1.0,1.0,63879.0,74591.0,1.8,1207.0,1129149.0,1.0,87.0
19.0,5.0,3409.0,160.0,130.0,1.2,1.59,329382.0,209971.0,4.2,156.0,1516041.0,1.0,82.0
8.0,0.0,1803.0,367.0,300.0,0.2,0.2,516137.0,229603.0,1.2,130.0,1044431.0,1.0,89.0
13.0,3.0,4229.0,615.0,463.0,1.0,2.2,209747.0,204867.0,3.4,1506.0,1398194.0,1.0,88.0
15.0,21.0,186.0,11.0,23.0,0.2,0.2,2058.0,12778.0,1.0,7138.0,1873512.0,1.0,96.0
2.0,0.0,3504.0,154.0,120.0,0.2,0.2,6741.0,56584.0,1.0,158.0,1069447.0,1.0,92.0
24.0,30.0,992.0,51.0,32.0,2.99,3.59,126690.0,26503.0,1.8,2287.0,1816024.0,1.0,82.0
25.0,13.0,2598.0,115.0,81.0,1.4,1.4,336212.0,57944.0,4.6,236.0,1303083.0,1.0,84.0
1.0,1.0,866.0,72.0,52.0,0.2,0.2,126330.0,110599.0,1.0,8506.0,1837072.0,1.0,97.0
7.0,2.0,2576.0,157.0,118.0,0.4,0.6,317672.0,104149.0,1.6,147.0,981075.0,1.0,87.0
23.0,22.0,593.0,100.0,84.0,0.6,0.6,27600.0,26262.0,2.0,709.0,1008691.0,1.0,95.0
16.0,7.0,6743.0,222.0,175.0,2.0,7.2,270921.0,173821.0,3.4,2959.0,1647653.0,1.0,79.0
3.0,0.0,1192.0,134.0,183.0,0.6,2.2,120758.0,22028.0,1.7,140.0,1057594.0,1.0,92.0
2.0,1.0,206.0,14.0,31.0,0.2,0.2,7000.0,14343.0,1.0,8188.0,1864384.0,1.0,98.0
1.0,1.0,196.0,16.0,22.0,0.2,0.2,11917.0,14682.0,1.0,7728.0,1882194.0,1.0,98.0
0.0,0.0,275.0,18.0,26.0,0.8,0.6,1420.0,23585.0,2.4,1333.0,1768075.0,1.0,93.0
0.0,0.0,653.0,95.0,63.0,0.2,0.2,3396.0,18647.0,1.4,264.0,1757120.0,1.0,92.0
1.0,1.0,205.0,23.0,35.0,0.2,0.2,7434.0,8785.0,1.0,7263.0,1865264.0,1.0,98.0
10.0,9.0,1750.0,84.0,58.0,0.4,1.8,25590.0,25581.0,1.3,1513.0,1079473.0,1.0,93.0
5.0,4.0,1958.0,248.0,102.0,0.6,1.2,147350.0,68937.0,2.0,160.0,990064.0,1.0,87.0
1.0,0.0,251.0,17.0,18.0,0.6,1.4,445.0,2290.0,1.0,7560.0,1873974.0,1.0,96.0
2.0,0.0,1059.0,131.0,110.0,0.6,0.6,18821.0,30496.0,1.0,806.0,1016627.0,1.0,96.0
37.0,53.0,1209.0,83.0,81.0,0.2,0.2,9480.0,33242.0,1.0,477.0,1060016.0,1.0,95.0
2.0,1.0,205.0,16.0,16.0,0.2,0.2,23724.0,5015.0,1.0,8438.0,1865707.0,1.0,98.0
36.0,20.0,2289.0,253.0,141.0,2.8,4.2,256637.0,49444.0,4.2,521.0,1542646.0,1.0,89.0
60.0,84.0,2475.0,210.0,73.0,1.8,2.0,400236.0,26803.0,1.0,583.0,1070709.0,1.0,87.0
45.0,0.0,2337.0,117.0,67.0,11.4,33.0,158274.0,70992.0,2.5,327.0,1104586.0,1.0,67.0
11.0,0.0,3251.0,485.0,403.0,9.6,4.0,272686.0,21411.0,1.8,6464.0,1849030.0,1.0,71.0
22.0,33.0,1157.0,59.0,50.0,0.2,0.2,87024.0,13503.0,1.6,953.0,1760301.0,1.0,92.0
2.0,0.0,2035.0,98.0,66.0,0.8,0.8,104168.0,49244.0,2.2,4680.0,1727440.0,1.0,94.0
1.0,0.0,2147.0,79.0,68.0,0.2,0.2,40671.0,53995.0,2.4,4670.0,1730946.0,1.0,95.0
0.0,0.0,11710.0,5318.0,5456.0,0.6,2.0,54077.0,60565.0,1.0,319.0,994078.0,1.0,73.0
9.0,2.0,3602.0,297.0,238.0,3.4,1.0,138967.0,52594.0,2.8,3651.0,1773886.0,1.0,79.0
2.0,0.0,5703.0,277.0,189.0,0.8,2.0,154491.0,30652.0,1.4,371.0,1103440.0,1.0,84.0
21.0,10.0,3214.0,198.0,113.0,1.2,1.2,274440.0,103344.0,3.6,416.0,1010256.0,1.0,82.0
12.0,6.0,1422.0,140.0,94.0,1.0,1.2,145826.0,29424.0,1.0,185.0,983597.0,1.0,91.0
10.0,1.0,3338.0,478.0,417.0,8.6,2.4,328815.0,18709.0,2.8,7381.0,1874141.0,1.0,78.0
1.0,0.0,341.0,53.0,28.0,0.2,0.2,193835.0,11060.0,1.0,989.0,1762725.0,1.0,96.0
1.0,1.0,985.0,80.0,52.0,0.6,1.0,93811.0,26031.0,2.0,633.0,1032854.0,1.0,95.0
1.0,1.0,423.0,123.0,61.0,0.4,1.2,191608.0,168981.0,2.2,4144.0,1829253.0,1.0,89.0
0.0,0.0,496.0,69.0,30.0,0.2,0.2,15309.0,7110.0,1.6,1054.0,1762960.0,1.0,91.0
4.0,3.0,4571.0,441.0,362.0,0.6,1.99,469603.0,479822.0,2.0,586.0,1012072.0,1.0,75.0
0.0,0.0,2682.0,237.0,129.0,0.8,0.8,158917.0,22200.0,3.4,518.0,1021098.0,1.0,90.0
60.0,66.0,5440.0,383.0,282.0,4.0,4.0,531346.0,95902.0,1.2,249.0,1054382.0,1.0,73.0
8.0,1.0,2168.0,339.0,279.0,7.19,5.19,405747.0,214249.0,3.2,3646.0,1816136.0,1.0,80.0
22.0,12.0,2000.0,304.0,70.0,3.4,3.4,198968.0,16062.0,2.2,359.0,1744197.0,1.0,80.0
8.0,1.0,1935.0,313.0,273.0,5.0,1.4,138248.0,19599.0,1.4,428.0,1742645.0,1.0,87.0
6.0,2.0,1267.0,154.0,62.0,2.4,3.0,309013.0,206077.0,2.8,6770.0,1835762.0,1.0,92.0
7.0,2.0,3068.0,433.0,327.0,5.2,1.4,203964.0,95184.0,6.2,4007.0,1605390.0,1.0,80.0
6.0,4.0,1657.0,144.0,142.0,1.2,2.4,5804.0,22230.0,1.0,270.0,1016170.0,1.0,92.0
2.0,1.0,1228.0,105.0,89.0,0.6,0.6,113956.0,100427.0,1.8,151.0,1119608.0,1.0,91.0
1.0,1.0,1781.0,76.0,41.0,0.2,0.2,17273.0,21476.0,1.6,8315.0,1860982.0,1.0,97.0
1.0,0.0,225.0,14.0,22.0,0.2,0.2,5448.0,67049.0,1.0,6935.0,1855302.0,1.0,97.0
25.0,38.0,771.0,117.0,48.0,0.2,0.2,5607.0,25167.0,1.2,692.0,1738142.0,1.0,96.0
3.0,1.0,3109.0,210.0,383.0,0.8,1.0,123627.0,36022.0,2.2,203.0,1051835.0,1.0,85.0
1.0,1.0,182.0,13.0,27.0,0.2,0.2,8163.0,7311.0,1.0,5201.0,1860792.0,1.0,98.0
1.0,0.0,1437.0,68.0,62.0,0.8,1.2,13136.0,18208.0,1.0,136.0,1061994.0,1.0,95.0
2.0,0.0,469.0,62.0,33.0,1.6,1.6,60798.0,11526.0,1.2,1113.0,1763752.0,1.0,92.0
5.0,4.0,659.0,94.0,50.0,0.6,0.6,259050.0,19313.0,1.0,213.0,1726958.0,1.0,96.0
0.0,0.0,615.0,40.0,24.0,0.2,0.2,17074.0,9089.0,2.0,4592.0,1731704.0,1.0,98.0
3.0,1.0,393.0,29.0,13.0,2.2,2.2,47343.0,10636.0,1.4,7316.0,1849734.0,1.0,91.0
1.0,0.0,2456.0,158.0,111.0,0.6,1.6,192118.0,128268.0,7.0,137.0,1022636.0,1.0,87.0
4.0,2.0,1520.0,178.0,54.0,0.8,1.0,559134.0,26927.0,3.4,2666.0,1724321.0,1.0,94.0
2.0,0.0,2560.0,286.0,237.0,0.8,3.6,218944.0,233957.0,2.2,3274.0,1737648.0,1.0,83.0
29.0,2.0,4586.0,526.0,491.0,11.58,7.78,342195.0,266494.0,2.0,1309.0,1032302.0,1.0,65.0
10.0,2.0,2981.0,190.0,107.0,1.0,2.0,670209.0,86240.0,5.6,137.0,1317451.0,1.0,78.0
136.0,172.0,2730.0,272.0,218.0,2.4,0.8,115066.0,41164.0,5.2,2871.0,1378723.0,1.0,87.0
44.0,53.0,4539.0,586.0,371.0,6.6,2.6,416014.0,21148.0,3.5,224.0,980310.0,1.0,73.0
2.0,1.0,197.0,14.0,23.0,0.2,0.2,6998.0,12768.0,1.2,5382.0,1860022.0,1.0,97.0
0.0,0.0,266.0,19.0,43.0,0.2,0.2,4582.0,15903.0,1.2,7293.0,1875112.0,1.0,99.0
20.0,6.0,6768.0,388.0,300.0,5.0,11.6,232295.0,62970.0,6.6,352.0,1317531.0,1.0,69.0
5.0,0.0,5291.0,298.0,214.0,0.8,1.0,250499.0,60387.0,1.0,654.0,995230.0,1.0,86.0
1.0,0.0,2129.0,84.0,76.0,0.4,0.4,27000.0,23093.0,2.2,741.0,1717045.0,1.0,95.0
0.0,0.0,228.0,31.0,36.0,0.2,0.2,854.0,10593.0,2.0,1017.0,1761517.0,1.0,91.0
2.0,1.0,2497.0,129.0,137.0,0.4,1.8,20588.0,58331.0,2.4,155.0,1709878.0,1.0,93.0
51.0,68.0,3126.0,163.0,85.0,1.0,1.0,482044.0,67636.0,2.0,199.0,1029074.0,1.0,89.0
1.0,0.0,810.0,55.0,68.0,0.2,0.2,3885.0,15299.0,2.0,378.0,1016666.0,1.0,96.0
1.0,0.0,2214.0,94.0,75.0,0.6,0.6,18542.0,11875.0,4.0,602.0,1638376.0,1.0,93.0
7.0,1.0,1071.0,50.0,60.0,6.2,9.6,27162.0,193369.0,1.8,6829.0,1852869.0,1.0,85.0
1.0,0.0,4272.0,282.0,131.0,0.2,0.2,64826.0,50419.0,1.0,769.0,1072798.0,1.0,88.0
1.0,0.0,387.0,52.0,28.0,0.2,0.2,38561.0,20944.0,1.0,8313.0,1863734.0,1.0,97.0
4.0,0.0,3278.0,233.0,167.0,3.81,4.21,327640.0,137004.0,3.2,1257.0,1049927.0,1.0,77.0
1.0,0.0,448.0,126.0,76.0,0.2,0.2,456419.0,271500.0,4.2,1080.0,1728701.0,1.0,94.0
25.0,9.0,4174.0,245.0,135.0,4.2,9.2,250833.0,42433.0,3.8,2630.0,1524755.0,1.0,75.0
1.0,1.0,1408.0,188.0,131.0,0.6,0.4,321935.0,27929.0,3.6,480.0,1051839.0,1.0,92.0
27.0,5.0,6777.0,1208.0,535.0,9.0,5.4,623272.0,213540.0,233.0,62.0,38.0,1.0,0.0
1.0,0.0,2370.0,155.0,81.0,0.8,0.8,57350.0,58671.0,1.2,500.0,1757933.0,1.0,89.0
16.0,23.0,172.0,22.0,10.0,0.2,0.2,105725.0,6405.0,2.2,3688.0,1822496.0,1.0,97.0
13.0,1.0,2112.0,223.0,109.0,2.2,2.6,271753.0,173447.0,4.0,169.0,1322045.0,1.0,89.0
28.0,42.0,251.0,34.0,19.0,0.4,1.0,859.0,6147.0,1.0,625.0,1753568.0,1.0,97.0
8.0,0.0,1890.0,129.0,121.0,2.0,2.8,268324.0,278996.0,2.8,870.0,1538595.0,1.0,86.0
3.0,0.0,579.0,95.0,60.0,2.4,3.8,335111.0,286429.0,3.4,3835.0,1808006.0,1.0,82.0
18.0,4.0,1419.0,126.0,111.0,2.4,3.2,58634.0,30159.0,2.6,126.0,966930.0,1.0,83.0
6.0,4.0,368.0,174.0,58.0,0.2,0.2,297361.0,287679.0,2.2,5448.0,1828048.0,1.0,97.0
88.0,64.0,4215.0,279.0,189.0,12.42,30.46,135841.0,25070.0,3.8,434.0,1109996.0,1.0,59.0
6.0,4.0,1300.0,121.0,146.0,0.4,0.4,4705.0,255201.0,1.0,839.0,966869.0,1.0,91.0
69.0,74.0,3062.0,519.0,458.0,1.4,1.4,463945.0,441710.0,2.0,266.0,1046742.0,1.0,81.0
16.0,1.0,5420.0,560.0,450.0,6.59,1.8,190506.0,64355.0,3.8,2525.0,1640078.0,1.0,78.0
3.0,1.0,883.0,197.0,163.0,1.2,1.4,307742.0,153302.0,2.2,6010.0,1837382.0,1.0,90.0
5.0,0.0,1492.0,40.0,33.0,1.2,1.2,32114.0,19663.0,1.0,153.0,1066347.0,1.0,92.0
1.0,1.0,1693.0,143.0,147.0,0.2,0.2,20310.0,27719.0,1.5,521.0,1066154.0,1.0,95.0
14.0,8.0,2329.0,146.0,92.0,1.0,1.0,148968.0,71628.0,541.0,88.0,12.0,1.0,0.0
22.0,14.0,3398.0,232.0,144.0,5.39,7.39,165777.0,46649.0,1.8,181.0,1015425.0,1.0,75.0
14.0,3.0,5506.0,404.0,234.0,10.4,9.4,166195.0,39124.0,1.6,152.0,1099514.0,1.0,66.0
10.0,1.0,4871.0,522.0,431.0,1.0,1.8,708698.0,295910.0,1.0,261.0,1044677.0,1.0,83.0
3.0,1.0,362.0,37.0,44.0,0.8,1.0,37567.0,32976.0,2.0,284.0,1719747.0,1.0,96.0
3.0,1.0,521.0,85.0,50.0,2.2,2.2,241528.0,164561.0,2.8,3313.0,1822792.0,1.0,84.0
22.0,31.0,405.0,31.0,42.0,0.8,0.4,22336.0,41726.0,2.8,2112.0,1768477.0,1.0,91.0
6.0,1.0,5112.0,296.0,162.0,0.2,0.2,187273.0,128442.0,4.0,334.0,1331363.0,1.0,91.0
2.0,1.0,347.0,83.0,45.0,0.2,0.2,299809.0,255418.0,2.0,4146.0,1824344.0,1.0,92.0
19.0,28.0,184.0,10.0,15.0,0.2,0.2,3477.0,46599.0,1.0,7878.0,1875126.0,1.0,98.0
1.0,1.0,198.0,18.0,20.0,0.2,0.2,7026.0,4055.0,1.0,8901.0,2243187.0,1.0,97.0
16.0,3.0,5028.0,440.0,343.0,5.4,1.6,235095.0,24289.0,2.6,2470.0,974229.0,1.0,76.0
18.0,26.0,2469.0,249.0,138.0,0.2,0.2,95921.0,47034.0,3.0,979.0,1084157.0,1.0,92.0
0.0,0.0,1506.0,114.0,50.0,0.2,0.2,4736.0,18382.0,1.0,579.0,1734802.0,1.0,96.0
55.0,80.0,1557.0,88.0,106.0,0.2,0.2,179093.0,82821.0,1.0,190.0,1064605.0,1.0,94.0
42.0,54.0,4727.0,393.0,215.0,0.6,2.8,684711.0,703355.0,4.2,2867.0,1546402.0,1.0,85.0
2.0,0.0,2137.0,92.0,72.0,1.2,1.4,19846.0,16092.0,1.0,201.0,1068720.0,1.0,91.0
4.0,0.0,2822.0,248.0,157.0,0.4,0.4,293231.0,118889.0,3.2,624.0,1083872.0,1.0,92.0
23.0,5.0,5329.0,449.0,278.0,5.19,3.79,869349.0,28503.0,2.8,191.0,1078451.0,1.0,71.0
0.0,0.0,1190.0,71.0,77.0,0.2,0.2,3692.0,88505.0,3.2,267.0,1719112.0,1.0,95.0
2.0,1.0,1194.0,222.0,89.0,0.8,1.0,195188.0,24373.0,1.7,286.0,1027902.0,1.0,94.0
1.0,1.0,2197.0,237.0,135.0,0.6,0.6,134759.0,106978.0,2.0,2186.0,1006133.0,1.0,87.0
19.0,5.0,2394.0,168.0,140.0,0.8,0.8,245608.0,228961.0,2.2,336.0,1521518.0,1.0,90.0
1.0,1.0,192.0,16.0,21.0,0.2,0.2,8965.0,8202.0,1.6,7159.0,1859791.0,1.0,98.0
3.0,2.0,3170.0,262.0,116.0,0.8,1.2,277748.0,32232.0,4.4,172.0,1441368.0,1.0,85.0
34.0,47.0,1310.0,87.0,89.0,0.6,2.2,111704.0,74598.0,1.0,616.0,1073293.0,1.0,92.0
3.0,0.0,2286.0,160.0,97.0,0.6,1.8,162790.0,78386.0,1.8,566.0,1014058.0,1.0,90.0
12.0,0.0,4838.0,583.0,646.0,6.59,4.99,679610.0,63248.0,6.0,1836.0,1694959.0,1.0,75.0
1.0,0.0,2358.0,143.0,184.0,0.4,0.6,75627.0,11554.0,4.6,826.0,1637987.0,1.0,93.0
3.0,2.0,1388.0,68.0,49.0,0.2,0.2,203366.0,60254.0,2.4,5245.0,1675056.0,1.0,96.0
1.0,0.0,293.0,39.0,35.0,0.2,0.2,1950.0,4592.0,2.0,479.0,1743872.0,1.0,92.0
6.0,1.0,1381.0,158.0,119.0,1.4,2.0,27168.0,22368.0,514.0,92.0,8.0,1.0,0.0
4.0,2.0,5139.0,461.0,382.0,1.2,4.2,35171.0,532139.0,1.0,861.0,995771.0,1.0,81.0
39.0,48.0,2754.0,129.0,83.0,2.59,3.79,138656.0,25427.0,1.8,2695.0,1012754.0,1.0,85.0
0.0,0.0,313.0,26.0,33.0,0.2,0.2,22208.0,30376.0,1.4,1857.0,1767232.0,1.0,91.0
6.0,1.0,7108.0,1327.0,1268.0,5.0,2.6,1244800.0,896995.0,1.2,722.0,1093789.0,1.0,67.0
0.0,0.0,161.0,14.0,20.0,0.2,0.2,446.0,12219.0,1.0,7410.0,1865584.0,1.0,98.0
8.0,2.0,3750.0,270.0,145.0,1.4,4.4,181322.0,61188.0,4.2,3889.0,1334074.0,1.0,87.0
34.0,11.0,6742.0,280.0,189.0,3.0,9.2,626826.0,453135.0,8.2,1366.0,1344714.0,1.0,58.0
1.0,0.0,2250.0,129.0,103.0,0.2,0.2,82286.0,56953.0,3.2,440.0,1016278.0,1.0,88.0
5.0,0.0,7763.0,1587.0,1532.0,5.0,1.4,1348324.0,1199088.0,1.0,663.0,1093842.0,1.0,63.0
45.0,54.0,2320.0,116.0,89.0,2.0,2.8,124687.0,63844.0,3.0,170.0,1533677.0,1.0,85.0
17.0,1.0,1972.0,142.0,72.0,3.38,6.16,126748.0,18912.0,3.0,520.0,1010212.0,1.0,90.0
2.0,1.0,1800.0,92.0,48.0,0.2,0.2,43848.0,15151.0,1.4,6623.0,1859394.0,1.0,91.0
18.0,1.0,4125.0,325.0,290.0,3.39,3.19,209255.0,203019.0,2.8,3409.0,1652576.0,1.0,84.0
13.0,11.0,1779.0,483.0,181.0,1.6,1.2,751142.0,647291.0,3.2,567.0,1040558.0,1.0,89.0
4.0,1.0,4191.0,399.0,341.0,2.0,1.2,206184.0,159001.0,2.4,236.0,1077565.0,1.0,82.0
0.0,0.0,139.0,10.0,11.0,0.2,0.2,444.0,4013.0,1.0,7306.0,1867538.0,1.0,99.0
19.0,2.0,3575.0,279.0,128.0,10.8,32.6,288291.0,40182.0,2.0,1443.0,1090662.0,1.0,63.0
11.0,5.0,5244.0,242.0,187.0,1.6,1.6,205563.0,26003.0,1.0,527.0,976651.0,1.0,86.0
8.0,6.0,1474.0,130.0,61.0,1.0,1.2,31184.0,24607.0,3.2,676.0,973321.0,1.0,91.0
52.0,0.0,4682.0,357.0,222.0,12.6,34.4,290329.0,134230.0,3.0,134.0,1098146.0,1.0,51.0
95.0,53.0,2002.0,194.0,198.0,1.6,2.79,282367.0,160351.0,4.4,403.0,1538564.0,1.0,88.0
3.0,1.0,1013.0,86.0,77.0,0.6,2.2,235054.0,30659.0,2.0,1109.0,1060136.0,1.0,87.0
9.0,1.0,3097.0,377.0,201.0,1.4,1.2,89157.0,69225.0,2.5,940.0,1095928.0,1.0,85.0
82.0,44.0,2342.0,156.0,323.0,0.6,0.6,97904.0,75368.0,3.2,487.0,1320070.0,1.0,94.0
110.0,105.0,2055.0,293.0,267.0,3.59,1.0,124573.0,69621.0,1.8,3654.0,1769870.0,1.0,82.0
1.0,0.0,451.0,41.0,73.0,0.2,0.2,20545.0,73753.0,2.5,483.0,1061952.0,1.0,97.0
10.0,8.0,3537.0,948.0,190.0,1.4,1.8,362670.0,77336.0,1.6,308.0,1135336.0,1.0,80.0
16.0,10.0,2937.0,369.0,199.0,1.6,1.4,301093.0,44564.0,1.5,141.0,1103562.0,1.0,78.0
0.0,0.0,760.0,82.0,48.0,0.2,0.2,1818.0,9486.0,2.0,651.0,1760472.0,1.0,91.0
12.0,3.0,2296.0,104.0,62.0,1.8,2.2,48107.0,38568.0,2.8,1217.0,1544565.0,1.0,89.0
8.0,0.0,2802.0,408.0,355.0,8.38,2.2,233031.0,12990.0,3.2,7298.0,1859602.0,1.0,80.0
0.0,0.0,1092.0,287.0,79.0,0.2,0.2,631564.0,367543.0,3.0,1380.0,1745816.0,1.0,95.0
16.0,5.0,2809.0,284.0,101.0,1.0,0.8,59725.0,12710.0,4.2,7209.0,1379947.0,1.0,89.0
9.0,1.0,2369.0,297.0,170.0,1.4,3.2,210369.0,145662.0,3.6,1163.0,1545403.0,1.0,86.0
1.0,1.0,454.0,176.0,45.0,0.2,0.2,472554.0,211006.0,3.0,6830.0,1835902.0,1.0,98.0
2.0,0.0,1929.0,120.0,82.0,2.2,2.4,322206.0,37095.0,2.6,4042.0,1779082.0,1.0,85.0
191.0,210.0,3205.0,223.0,186.0,1.0,1.0,286727.0,337862.0,1.5,109.0,1002637.0,1.0,74.0
90.0,49.0,5387.0,310.0,266.0,7.82,10.22,296715.0,180601.0,3.0,222.0,1098411.0,1.0,68.0
44.0,59.0,2191.0,228.0,146.0,1.6,0.6,47032.0,37191.0,4.2,748.0,972698.0,1.0,91.0
51.0,61.0,3761.0,539.0,395.0,7.0,2.8,564511.0,110912.0,6.2,239.0,1596602.0,1.0,71.0
6.0,2.0,2948.0,224.0,203.0,3.19,3.59,428831.0,387601.0,2.0,115.0,1082453.0,1.0,70.0
8.0,4.0,2357.0,413.0,296.0,3.2,2.6,1027253.0,950762.0,2.4,3776.0,1039309.0,1.0,73.0
2.0,0.0,3520.0,178.0,147.0,0.4,0.4,116102.0,53455.0,2.8,389.0,1067304.0,1.0,91.0
0.0,0.0,2450.0,110.0,98.0,0.2,0.2,221129.0,23126.0,2.6,156.0,1709690.0,1.0,94.0
1.0,0.0,1609.0,104.0,45.0,0.2,0.2,101426.0,89444.0,4.2,2020.0,1559666.0,1.0,97.0
1.0,0.0,243.0,35.0,33.0,0.2,0.2,6023.0,13554.0,1.0,448.0,1739701.0,1.0,98.0
6.0,0.0,1480.0,70.0,86.0,5.8,16.6,37016.0,60141.0,2.0,443.0,1081386.0,1.0,85.0
3.0,1.0,5670.0,226.0,196.0,0.2,0.2,11251.0,27610.0,1.0,425.0,1010614.0,1.0,88.0
3.0,2.0,1931.0,233.0,120.0,0.6,0.6,275724.0,204664.0,3.6,2557.0,1582634.0,1.0,93.0
46.0,64.0,2447.0,285.0,150.0,0.8,1.2,103376.0,86067.0,2.3,139.0,1101517.0,1.0,86.0
6.0,2.0,3009.0,221.0,149.0,0.8,1.2,183034.0,64920.0,2.2,623.0,1629750.0,1.0,91.0
10.0,8.0,1697.0,159.0,124.0,0.2,0.2,367223.0,88343.0,3.4,4712.0,1671243.0,1.0,92.0
1.0,1.0,158.0,14.0,13.0,0.2,0.2,7637.0,5958.0,1.0,7222.0,1847120.0,1.0,98.0
2.0,0.0,339.0,32.0,15.0,1.8,1.8,46087.0,12238.0,1.6,6785.0,1851732.0,1.0,91.0
2.0,0.0,2211.0,164.0,168.0,0.4,0.2,63322.0,120460.0,2.0,2880.0,1652454.0,1.0,96.0
2.0,0.0,801.0,68.0,47.0,0.6,2.2,171773.0,20095.0,2.5,3020.0,1012598.0,1.0,94.0
0.0,0.0,217.0,10.0,19.0,0.2,0.2,3477.0,64742.0,1.0,7746.0,1870136.0,1.0,98.0
5.0,3.0,3239.0,127.0,143.0,0.4,0.4,21107.0,210168.0,2.6,226.0,1519560.0,1.0,88.0
0.0,0.0,1769.0,87.0,67.0,0.2,0.2,5565.0,13635.0,2.0,4169.0,1774866.0,1.0,89.0
3.0,0.0,4577.0,195.0,157.0,2.8,3.4,191031.0,116174.0,1.8,167.0,990722.0,1.0,82.0
23.0,12.0,1673.0,145.0,117.0,2.0,6.8,160268.0,57456.0,581.0,87.0,13.0,1.0,0.0
7.0,5.0,2149.0,117.0,148.0,0.6,0.6,115000.0,25800.0,2.0,777.0,1047805.0,1.0,89.0
4.0,3.0,3045.0,230.0,162.0,0.6,0.6,30583.0,30913.0,1.0,254.0,1098288.0,1.0,89.0
42.0,64.0,2453.0,423.0,669.0,1.4,2.2,474034.0,140393.0,2.6,2592.0,1733226.0,1.0,82.0
20.0,27.0,147.0,12.0,12.0,0.2,0.2,7123.0,13270.0,1.0,8385.0,1864813.0,1.0,97.0
20.0,9.0,1834.0,261.0,258.0,4.4,1.4,137547.0,45286.0,4.4,6190.0,1709211.0,1.0,86.0
0.0,0.0,298.0,33.0,64.0,0.2,0.2,3314.0,55348.0,1.0,483.0,1733852.0,1.0,96.0
3.0,2.0,4173.0,202.0,175.0,1.0,2.6,179583.0,231310.0,1.7,561.0,992744.0,1.0,84.0
3.0,0.0,1266.0,192.0,169.0,3.6,1.0,90502.0,9050.0,1.4,403.0,1757090.0,1.0,90.0
3.0,2.0,4698.0,215.0,167.0,0.4,0.4,43638.0,36529.0,2.4,498.0,1447382.0,1.0,91.0
17.0,9.0,2596.0,188.0,134.0,1.0,0.8,464824.0,158736.0,1.5,399.0,1049707.0,1.0,87.0
16.0,5.0,2596.0,172.0,101.0,2.6,5.4,367523.0,68362.0,3.6,852.0,1545477.0,1.0,92.0
44.0,37.0,3700.0,488.0,295.0,3.2,4.4,233145.0,128026.0,1.0,195.0,945811.0,1.0,72.0
3.0,2.0,437.0,57.0,46.0,0.4,0.4,1521.0,13330.0,2.0,658.0,1721608.0,1.0,96.0
13.0,5.0,2269.0,280.0,187.0,1.0,1.0,198481.0,65015.0,1.0,243.0,1090707.0,1.0,82.0
1.0,0.0,1419.0,143.0,58.0,0.2,0.2,294580.0,5987.0,2.6,6227.0,1731128.0,1.0,95.0
15.0,1.0,3969.0,304.0,258.0,0.4,0.2,542851.0,473805.0,1.8,138.0,1007989.0,1.0,73.0
2.0,0.0,1137.0,148.0,109.0,0.4,1.8,215885.0,100630.0,2.4,162.0,1522802.0,1.0,95.0
13.0,12.0,2859.0,459.0,215.0,0.6,2.0,652144.0,585464.0,3.2,220.0,1043795.0,1.0,91.0
4.0,1.0,4175.0,112.0,109.0,0.6,1.0,118854.0,48015.0,2.8,436.0,1016301.0,1.0,90.0
4.0,3.0,2142.0,321.0,196.0,1.4,1.4,668115.0,48198.0,1.5,346.0,1128446.0,1.0,84.0
11.0,3.0,6599.0,306.0,263.0,4.6,5.2,184847.0,164077.0,3.0,168.0,990966.0,1.0,72.0
3.0,1.0,406.0,43.0,30.0,2.0,2.0,92514.0,42969.0,1.4,11490.0,1885199.0,1.0,90.0
22.0,14.0,4563.0,339.0,233.0,7.0,15.0,105413.0,42167.0,1.0,654.0,1096325.0,1.0,70.0
7.0,2.0,2342.0,125.0,74.0,2.2,4.2,294081.0,71960.0,1.0,175.0,1058875.0,1.0,85.0
10.0,1.0,4529.0,310.0,281.0,5.6,1.8,215089.0,106509.0,3.8,213.0,1512869.0,1.0,75.0
43.0,59.0,2362.0,386.0,356.0,2.99,2.59,279958.0,193793.0,2.5,150.0,1090135.0,1.0,84.0
2.0,1.0,170.0,15.0,16.0,0.2,0.2,11638.0,8714.0,1.2,7247.0,1847131.0,1.0,98.0
18.0,13.0,4475.0,699.0,425.0,4.2,1.2,557374.0,557281.0,1.5,567.0,1040643.0,1.0,74.0
13.0,7.0,3758.0,230.0,159.0,2.99,3.59,433969.0,76306.0,1.0,527.0,996667.0,1.0,76.0
3.0,1.0,722.0,57.0,68.0,0.6,0.6,43279.0,20088.0,1.0,434.0,1062194.0,1.0,90.0
46.0,62.0,3939.0,234.0,129.0,2.6,5.0,298009.0,188750.0,4.6,2185.0,1641514.0,1.0,88.0
1.0,1.0,192.0,12.0,33.0,0.2,0.2,8571.0,12015.0,1.0,7293.0,1875112.0,1.0,98.0
68.0,83.0,3135.0,244.0,162.0,5.41,14.83,171541.0,96875.0,1.0,365.0,1106976.0,1.0,75.0
36.0,44.0,1809.0,146.0,103.0,1.2,1.2,172354.0,37272.0,2.6,396.0,977395.0,1.0,89.0
1.0,0.0,280.0,41.0,14.0,0.8,1.0,214840.0,16418.0,1.2,8348.0,1864789.0,1.0,97.0
4.0,2.0,1797.0,147.0,116.0,0.2,0.2,6141.0,39596.0,1.0,204.0,1055489.0,1.0,94.0
2.0,0.0,2977.0,516.0,389.0,1.4,1.6,382554.0,107844.0,3.4,293.0,1692926.0,1.0,83.0
0.0,0.0,254.0,42.0,22.0,0.2,0.2,255327.0,12261.0,1.2,7309.0,1873272.0,1.0,98.0
3.0,0.0,4168.0,321.0,231.0,1.0,3.6,1292810.0,1170072.0,399.0,85.0,15.0,1.0,0.0
54.0,40.0,2764.0,184.0,123.0,3.2,3.4,175671.0,137509.0,6.2,3387.0,1601147.0,1.0,87.0
13.0,2.0,2833.0,188.0,172.0,2.8,3.2,57131.0,99198.0,1.2,391.0,1062754.0,1.0,86.0
2.0,0.0,1318.0,108.0,95.0,0.4,0.8,4035.0,43515.0,2.2,1046.0,973795.0,1.0,93.0
14.0,13.0,6890.0,1054.0,171.0,0.6,0.8,69387.0,36569.0,3.0,254.0,998522.0,1.0,87.0
35.0,53.0,1282.0,69.0,64.0,0.8,6.8,48949.0,23650.0,2.2,614.0,1756534.0,1.0,93.0
56.0,31.0,6025.0,509.0,410.0,6.6,10.4,357773.0,269817.0,4.8,2450.0,1644301.0,1.0,65.0
4.0,0.0,1683.0,203.0,97.0,0.8,1.0,208421.0,23930.0,4.0,1302.0,1070927.0,1.0,88.0
0.0,0.0,1743.0,123.0,72.0,0.2,0.2,132643.0,50785.0,2.0,599.0,1768939.0,1.0,88.0
22.0,27.0,2478.0,303.0,247.0,4.2,1.2,124481.0,20933.0,1.8,1520.0,1747144.0,1.0,86.0
1.0,0.0,324.0,43.0,42.0,0.6,0.6,12582.0,13528.0,1.0,146.0,1742146.0,1.0,97.0
1.0,1.0,470.0,48.0,35.0,0.4,0.4,160644.0,60051.0,1.0,8717.0,1834907.0,1.0,95.0
4.0,0.0,1757.0,326.0,149.0,3.19,1.0,1337864.0,51392.0,2.6,8438.0,1860554.0,1.0,87.0
2.0,1.0,4381.0,140.0,154.0,0.4,1.8,22358.0,25160.0,1.5,313.0,1015656.0,1.0,94.0
8.0,3.0,2794.0,239.0,143.0,2.6,3.0,192634.0,23863.0,1.0,332.0,1128000.0,1.0,84.0
3.0,2.0,3855.0,1984.0,80.0,0.8,1.0,635931.0,73150.0,2.2,150.0,1129062.0,1.0,87.0
9.0,7.0,619.0,68.0,60.0,0.8,0.8,26307.0,23684.0,2.2,1344.0,972406.0,1.0,94.0
1.0,0.0,1925.0,88.0,96.0,0.2,0.2,3715.0,12124.0,2.0,1414.0,1725048.0,1.0,97.0
2.0,0.0,1317.0,134.0,88.0,0.6,2.0,61085.0,24946.0,1.0,191.0,1016476.0,1.0,94.0
15.0,1.0,5710.0,410.0,307.0,11.0,26.0,313576.0,11481.0,5.4,1758.0,1399382.0,1.0,62.0
11.0,11.0,3963.0,447.0,315.0,0.4,0.2,372521.0,39189.0,3.0,203.0,1134622.0,1.0,86.0
24.0,21.0,2013.0,472.0,171.0,2.8,3.6,623893.0,577518.0,1.5,606.0,1045882.0,1.0,87.0
35.0,47.0,4549.0,608.0,456.0,3.2,1.0,124709.0,48059.0,2.3,172.0,1100077.0,1.0,75.0
0.0,0.0,338.0,52.0,31.0,0.2,0.2,271093.0,35462.0,1.6,2040.0,1763821.0,1.0,89.0
0.0,0.0,200.0,32.0,31.0,0.2,0.2,700.0,15435.0,1.0,605.0,1727257.0,1.0,96.0
4.0,4.0,2369.0,85.0,136.0,0.2,0.2,6027.0,377608.0,2.0,326.0,1389325.0,1.0,91.0
0.0,0.0,280.0,15.0,22.0,0.4,0.4,16155.0,13745.0,1.4,7192.0,1874133.0,1.0,97.0
17.0,16.0,4935.0,245.0,163.0,1.0,2.0,244446.0,85677.0,3.2,948.0,999619.0,1.0,82.0
2.0,1.0,3868.0,405.0,333.0,0.6,0.6,571151.0,82102.0,1.0,172.0,1046045.0,1.0,85.0
3.0,1.0,3384.0,544.0,386.0,0.4,1.79,26014.0,38071.0,2.2,6153.0,1723610.0,1.0,89.0
15.0,21.0,390.0,60.0,39.0,0.2,0.2,4844.0,10564.0,2.0,693.0,1722062.0,1.0,96.0
3.0,0.0,3565.0,361.0,246.0,3.0,6.4,219668.0,173869.0,2.5,2486.0,996440.0,1.0,80.0
1.0,0.0,325.0,62.0,27.0,0.8,0.8,324311.0,181984.0,2.4,5669.0,1836762.0,1.0,96.0
2.0,0.0,451.0,41.0,43.0,2.0,2.0,67254.0,46721.0,1.0,11991.0,1892471.0,1.0,88.0
43.0,0.0,2832.0,164.0,76.0,11.2,33.2,216920.0,26051.0,2.2,406.0,1106517.0,1.0,66.0
1.0,0.0,3744.0,407.0,216.0,0.99,1.59,926490.0,167142.0,2.6,125.0,1009166.0,1.0,83.0
7.0,4.0,2073.0,275.0,102.0,0.4,1.2,509927.0,61318.0,245.0,75.0,25.0,1.0,0.0
4.0,1.0,1079.0,150.0,99.0,0.6,0.6,279546.0,123542.0,2.6,1602.0,1538696.0,1.0,93.0
184.0,203.0,2908.0,312.0,123.0,0.4,1.6,1006792.0,24241.0,4.0,200.0,1110408.0,1.0,89.0
52.0,65.0,2385.0,124.0,102.0,0.8,0.8,112156.0,47219.0,1.2,549.0,1087394.0,1.0,90.0
16.0,6.0,2734.0,219.0,124.0,2.2,5.21,234900.0,68243.0,2.0,1628.0,1087989.0,1.0,84.0
21.0,29.0,421.0,24.0,17.0,1.2,1.2,44450.0,7566.0,1.2,3313.0,1847784.0,1.0,94.0
63.0,81.0,2007.0,224.0,100.0,1.0,3.0,675249.0,84771.0,7.2,202.0,1586085.0,1.0,83.0
2.0,2.0,175.0,16.0,14.0,0.2,0.2,7570.0,3624.0,1.0,5059.0,1828909.0,1.0,98.0
15.0,3.0,2162.0,159.0,119.0,2.0,2.4,40899.0,31950.0,1.0,702.0,1021237.0,1.0,87.0
55.0,17.0,3192.0,316.0,148.0,10.0,8.4,516472.0,77134.0,4.4,202.0,1039774.0,1.0,71.0
9.0,6.0,3915.0,169.0,121.0,3.0,3.4,170292.0,27567.0,2.7,421.0,1026229.0,1.0,84.0
1.0,0.0,1465.0,127.0,89.0,0.2,0.2,52089.0,44307.0,1.0,288.0,1011408.0,1.0,93.0
32.0,5.0,5741.0,342.0,192.0,6.41,18.84,181237.0,73067.0,2.8,178.0,1104233.0,1.0,66.0
2.0,2.0,466.0,52.0,68.0,0.4,0.4,20982.0,129280.0,1.0,6308.0,1845610.0,1.0,96.0
73.0,83.0,4405.0,540.0,461.0,8.42,2.4,272948.0,43129.0,430.0,68.0,32.0,1.0,0.0
1.0,0.0,2647.0,330.0,336.0,0.4,0.4,149828.0,80133.0,2.6,1659.0,1709059.0,1.0,85.0
43.0,59.0,3504.0,140.0,138.0,0.2,0.2,31397.0,92240.0,2.4,2601.0,1645296.0,1.0,93.0
41.0,49.0,4568.0,441.0,442.0,6.0,2.0,202078.0,21101.0,3.0,532.0,1712181.0,1.0,79.0
0.0,0.0,195.0,42.0,23.0,0.0,0.0,10043.0,15587.0,1.4,1387.0,1753355.0,1.0,93.0
35.0,49.0,1897.0,259.0,311.0,0.2,0.2,96054.0,34273.0,1.5,714.0,1011355.0,1.0,89.0
2.0,0.0,3578.0,459.0,248.0,1.4,3.2,452115.0,428921.0,2.0,367.0,1044480.0,1.0,85.0
0.0,0.0,897.0,101.0,53.0,0.6,0.8,400470.0,287614.0,2.8,341.0,1760334.0,1.0,92.0
0.0,0.0,798.0,67.0,55.0,0.2,0.2,1382.0,6939.0,1.6,987.0,1761488.0,1.0,93.0
39.0,52.0,1084.0,54.0,58.0,0.6,2.0,112426.0,38263.0,1.3,682.0,1042923.0,1.0,94.0
1.0,0.0,385.0,67.0,65.0,0.2,0.2,93006.0,48585.0,3.6,130.0,1711507.0,1.0,95.0
5.0,1.0,309.0,37.0,42.0,0.2,0.2,20830.0,24601.0,1.4,2804.0,1776871.0,1.0,96.0
1.0,1.0,202.0,18.0,36.0,0.2,0.2,13420.0,4559.0,1.0,7219.0,1847104.0,1.0,98.0
3.0,0.0,3548.0,171.0,145.0,2.0,3.8,59768.0,39613.0,4.6,606.0,1014917.0,1.0,86.0
24.0,37.0,230.0,26.0,40.0,0.2,0.2,3618.0,4979.0,1.0,7074.0,1846032.0,1.0,96.0
3.0,1.0,4821.0,236.0,258.0,2.0,9.38,83870.0,479867.0,2.0,963.0,1037206.0,1.0,80.0
9.0,9.0,1323.0,104.0,90.0,0.6,0.6,21111.0,20767.0,1.0,204.0,1118088.0,1.0,92.0
25.0,4.0,2308.0,164.0,254.0,0.6,0.6,336637.0,180700.0,4.4,632.0,1520762.0,1.0,77.0
14.0,21.0,1165.0,43.0,50.0,0.2,0.2,5524.0,12916.0,1.2,157.0,1751000.0,1.0,93.0
18.0,3.0,2358.0,224.0,155.0,1.8,1.8,132209.0,23741.0,1.5,1901.0,1092824.0,1.0,86.0
8.0,4.0,5225.0,195.0,149.0,0.8,1.2,127902.0,141409.0,3.8,3091.0,1344471.0,1.0,84.0
8.0,4.0,1382.0,178.0,128.0,0.4,0.4,95104.0,20338.0,1.4,686.0,974373.0,1.0,91.0
1.0,0.0,1547.0,115.0,86.0,1.2,3.4,53184.0,91654.0,3.6,458.0,1094496.0,1.0,86.0
12.0,2.0,3175.0,373.0,153.0,7.58,14.77,191239.0,47291.0,2.0,149.0,1033405.0,1.0,66.0
0.0,0.0,2149.0,123.0,112.0,0.2,0.2,12090.0,27659.0,2.2,243.0,1708694.0,1.0,96.0
31.0,13.0,3597.0,687.0,374.0,0.8,1.2,171212.0,118051.0,4.6,432.0,1535051.0,1.0,84.0
5.0,4.0,3011.0,128.0,157.0,0.2,0.2,9034.0,316545.0,2.2,276.0,1392184.0,1.0,93.0
10.0,4.0,4151.0,483.0,196.0,0.8,2.2,669530.0,439084.0,3.6,860.0,1031340.0,1.0,78.0
11.0,2.0,2445.0,285.0,250.0,4.41,1.4,160468.0,64928.0,1.5,825.0,1072035.0,1.0,84.0
59.0,45.0,1503.0,113.0,76.0,1.8,1.8,322275.0,27068.0,1.8,499.0,1104940.0,1.0,86.0
5.0,2.0,2157.0,180.0,105.0,2.8,3.4,191243.0,48792.0,3.6,168.0,1039970.0,1.0,86.0
72.0,79.0,3435.0,381.0,410.0,2.4,2.59,389074.0,487297.0,1.0,199.0,996364.0,1.0,73.0
12.0,12.0,1404.0,180.0,117.0,0.8,2.2,15212.0,21212.0,5.2,3040.0,1604526.0,1.0,94.0
38.0,0.0,4582.0,288.0,141.0,10.22,29.06,639671.0,86484.0,3.6,142.0,1098099.0,1.0,63.0
0.0,0.0,160.0,8.0,28.0,0.2,0.2,1014.0,28847.0,1.0,7571.0,1877232.0,1.0,98.0
1.0,0.0,2177.0,178.0,135.0,0.2,0.2,31414.0,38601.0,2.0,1748.0,1040098.0,1.0,91.0
54.0,58.0,1339.0,231.0,140.0,0.4,0.6,153872.0,122181.0,5.6,2885.0,1603096.0,1.0,93.0
5.0,0.0,4500.0,205.0,142.0,0.4,0.4,33583.0,31034.0,1.0,719.0,1076979.0,1.0,89.0
36.0,27.0,5339.0,550.0,371.0,3.4,1.0,556540.0,474120.0,3.0,3441.0,1039946.0,1.0,77.0
12.0,9.0,6262.0,212.0,186.0,0.6,0.6,20505.0,27881.0,2.4,2463.0,975309.0,1.0,88.0
4.0,2.0,3996.0,172.0,126.0,1.0,1.6,28255.0,62502.0,2.2,133.0,1012739.0,1.0,84.0
3.0,1.0,694.0,105.0,29.0,2.4,2.4,468844.0,13454.0,2.4,11175.0,1870992.0,1.0,86.0
4.0,0.0,578.0,43.0,28.0,1.4,1.6,102585.0,53515.0,1.8,1294.0,1751954.0,1.0,87.0
54.0,69.0,1720.0,143.0,105.0,0.8,1.2,175782.0,34995.0,594.0,88.0,12.0,1.0,0.0
2.0,1.0,4350.0,187.0,139.0,0.2,0.2,6315.0,63845.0,2.2,2549.0,1643882.0,1.0,94.0
3.0,2.0,1040.0,120.0,59.0,0.8,3.19,154551.0,24953.0,2.6,190.0,993039.0,1.0,89.0
8.0,2.0,2835.0,254.0,245.0,1.8,1.4,176000.0,153151.0,2.6,1534.0,1639528.0,1.0,89.0
5.0,1.0,1268.0,203.0,121.0,1.0,0.8,144371.0,69267.0,3.8,1346.0,1072618.0,1.0,92.0
25.0,6.0,4636.0,705.0,485.0,6.6,2.2,467038.0,275586.0,5.8,326.0,1546581.0,1.0,66.0
22.0,14.0,1016.0,98.0,71.0,1.0,1.4,27652.0,41764.0,2.0,2644.0,1727899.0,1.0,93.0
31.0,43.0,1604.0,108.0,91.0,0.8,0.8,4370.0,21249.0,2.5,728.0,1096389.0,1.0,91.0
37.0,7.0,4774.0,232.0,157.0,4.4,6.2,522823.0,107871.0,4.8,377.0,1527138.0,1.0,69.0
45.0,40.0,1278.0,178.0,80.0,3.2,4.8,353625.0,88144.0,2.2,6622.0,1839845.0,1.0,86.0
10.0,1.0,4616.0,625.0,494.0,8.4,3.4,402372.0,48289.0,1.3,219.0,997088.0,1.0,68.0
4.0,2.0,2168.0,207.0,142.0,1.0,1.0,266451.0,26908.0,1.0,305.0,1067419.0,1.0,90.0
15.0,6.0,4172.0,321.0,179.0,1.4,1.8,218370.0,133098.0,3.0,294.0,1526027.0,1.0,80.0
8.0,1.0,4069.0,282.0,257.0,2.99,2.59,152071.0,227909.0,1.0,151.0,996252.0,1.0,82.0
2.0,1.0,3436.0,240.0,321.0,0.4,1.8,97319.0,545693.0,1.0,704.0,992006.0,1.0,87.0
10.0,5.0,1378.0,174.0,98.0,0.6,0.8,236766.0,43659.0,1.0,132.0,980332.0,1.0,90.0
18.0,3.0,3416.0,188.0,94.0,13.4,37.4,208370.0,38913.0,2.0,271.0,1080566.0,1.0,61.0
4.0,2.0,2005.0,146.0,106.0,0.4,0.4,238364.0,19838.0,1.0,209.0,1025621.0,1.0,93.0
45.0,22.0,4121.0,620.0,535.0,2.6,4.8,917846.0,711555.0,2.0,178.0,1036322.0,1.0,78.0
18.0,10.0,1650.0,101.0,85.0,1.4,1.8,80582.0,45072.0,3.4,1958.0,1533346.0,1.0,92.0
3.0,1.0,5480.0,444.0,349.0,1.2,1.2,505897.0,531224.0,1.2,505.0,1219461.0,1.0,71.0
4.0,2.0,950.0,62.0,49.0,0.4,0.4,5406.0,33164.0,2.4,1379.0,1532280.0,1.0,94.0
23.0,7.0,3293.0,228.0,198.0,2.6,1.0,162726.0,101353.0,2.8,3139.0,1547168.0,1.0,87.0
1.0,0.0,3480.0,189.0,237.0,0.8,1.0,280924.0,528709.0,2.4,132.0,998563.0,1.0,80.0
0.0,0.0,394.0,160.0,66.0,0.2,0.2,201455.0,220580.0,3.0,275.0,1736867.0,1.0,96.0
6.0,0.0,3819.0,311.0,176.0,1.8,1.6,15499.0,64796.0,2.2,525.0,1076906.0,1.0,87.0
0.0,0.0,315.0,31.0,34.0,0.2,0.2,1491.0,8278.0,1.2,1023.0,1761680.0,1.0,94.0
189.0,14.0,2690.0,322.0,276.0,4.99,2.79,210248.0,134085.0,6.0,2409.0,1088888.0,1.0,79.0
0.0,0.0,300.0,56.0,46.0,0.2,0.2,1995.0,18052.0,1.0,272.0,1754832.0,1.0,97.0
3.0,0.0,995.0,75.0,69.0,0.8,1.0,66503.0,19072.0,1.0,211.0,1014606.0,1.0,95.0
21.0,19.0,3374.0,558.0,226.0,1.4,3.2,615882.0,590566.0,1.0,434.0,1043605.0,1.0,87.0
5.0,2.0,3165.0,188.0,136.0,2.0,0.8,131842.0,6803.0,2.2,155.0,1381774.0,1.0,90.0
7.0,1.0,1321.0,84.0,36.0,5.4,5.6,139381.0,78821.0,1.6,6111.0,1847878.0,1.0,83.0
16.0,15.0,1984.0,157.0,90.0,1.4,3.41,57962.0,43602.0,2.3,1121.0,1084952.0,1.0,89.0
22.0,19.0,924.0,96.0,70.0,1.6,2.0,22095.0,21418.0,1.0,599.0,1017939.0,1.0,90.0
57.0,71.0,1776.0,170.0,126.0,0.4,0.6,6148.0,30329.0,1.0,347.0,1093060.0,1.0,89.0
1.0,1.0,388.0,182.0,45.0,0.2,0.2,332374.0,292317.0,2.0,5882.0,1834992.0,1.0,97.0
25.0,18.0,2182.0,499.0,165.0,1.2,2.6,929960.0,613173.0,2.6,240.0,1032798.0,1.0,83.0
5.0,1.0,2443.0,405.0,327.0,3.8,2.2,183535.0,89572.0,1.0,2637.0,1017880.0,1.0,85.0
14.0,4.0,1954.0,130.0,114.0,6.19,17.76,80423.0,44906.0,3.0,148.0,1088251.0,1.0,78.0
39.0,54.0,381.0,62.0,54.0,0.4,0.4,264031.0,51760.0,2.6,1531.0,1811552.0,1.0,91.0
32.0,26.0,3205.0,350.0,245.0,1.0,1.4,109372.0,69986.0,2.6,405.0,1315331.0,1.0,80.0
3.0,1.0,2361.0,172.0,112.0,0.4,0.4,29740.0,37009.0,2.6,563.0,1535750.0,1.0,95.0
3.0,2.0,1889.0,52.0,69.0,0.6,1.4,19769.0,26606.0,2.0,705.0,1538586.0,1.0,93.0
14.0,18.0,1659.0,78.0,68.0,0.2,0.2,43191.0,31299.0,1.4,278.0,1750906.0,1.0,95.0
0.0,0.0,603.0,52.0,62.0,0.2,0.2,2318.0,56100.0,1.0,483.0,1730390.0,1.0,97.0
16.0,14.0,2942.0,77.0,79.0,1.6,3.19,39721.0,33909.0,3.0,233.0,1014451.0,1.0,88.0
4.0,2.0,2421.0,581.0,170.0,2.2,3.79,1029143.0,278592.0,1.3,163.0,1111235.0,1.0,80.0
6.0,2.0,1336.0,137.0,76.0,3.0,3.8,83576.0,66955.0,2.3,2708.0,1014373.0,1.0,89.0
49.0,57.0,5344.0,978.0,862.0,3.19,1.0,787806.0,738498.0,2.2,987.0,1074963.0,1.0,75.0
9.0,2.0,3853.0,178.0,141.0,1.4,2.8,189767.0,23555.0,2.6,571.0,1054232.0,1.0,89.0
3.0,2.0,2717.0,250.0,187.0,0.4,1.8,106983.0,78503.0,1.0,341.0,1031469.0,1.0,90.0
3.0,1.0,418.0,56.0,49.0,1.8,1.8,35096.0,26899.0,1.2,8600.0,1841038.0,1.0,92.0
0.0,0.0,281.0,55.0,47.0,0.2,0.2,1049.0,8784.0,1.0,188.0,1755512.0,1.0,98.0
18.0,28.0,703.0,59.0,40.0,0.6,0.6,1611.0,8707.0,1.0,1082.0,1743728.0,1.0,94.0
6.0,0.0,4720.0,457.0,329.0,3.6,3.6,161074.0,181366.0,1.7,198.0,1120477.0,1.0,74.0
1.0,0.0,607.0,81.0,45.0,0.2,0.2,2174.0,6138.0,2.8,962.0,1711923.0,1.0,96.0
18.0,14.0,1405.0,97.0,75.0,0.8,0.8,281552.0,44324.0,3.4,613.0,1514861.0,1.0,93.0
26.0,23.0,2344.0,421.0,181.0,0.6,2.2,635411.0,590079.0,816.0,85.0,14.0,1.0,0.0
0.0,0.0,264.0,46.0,25.0,0.2,0.2,256267.0,28155.0,1.0,7358.0,1874496.0,1.0,96.0
0.0,0.0,435.0,51.0,52.0,0.2,0.2,10361.0,27422.0,1.0,135.0,1746265.0,1.0,98.0
1.0,0.0,2918.0,141.0,136.0,0.2,0.2,5032.0,66053.0,1.0,1771.0,1112643.0,1.0,93.0
50.0,71.0,3455.0,355.0,202.0,0.8,0.8,103830.0,53977.0,2.4,646.0,1516422.0,1.0,88.0
21.0,27.0,246.0,26.0,21.0,0.4,0.4,5274.0,11095.0,1.0,1905.0,1757582.0,1.0,97.0
2.0,1.0,4502.0,256.0,169.0,0.2,0.2,191500.0,262830.0,4.6,1673.0,1000469.0,1.0,84.0
18.0,1.0,4914.0,604.0,446.0,7.4,2.0,455057.0,70647.0,3.8,223.0,1533210.0,1.0,75.0
1.0,0.0,2734.0,153.0,105.0,1.0,1.0,51527.0,50891.0,4.0,754.0,1060145.0,1.0,92.0
53.0,1.0,2824.0,180.0,129.0,12.97,34.73,177009.0,23091.0,4.4,665.0,1105410.0,1.0,62.0
260.0,1.0,993.0,79.0,60.0,1.34,4.41,354307.0,23354.0,1.2,162.0,952564.0,1.0,85.0
15.0,2.0,3028.0,211.0,147.0,0.4,0.4,116391.0,11256.0,4.6,398.0,1309442.0,1.0,90.0
17.0,9.0,2787.0,268.0,116.0,0.6,2.2,754629.0,62263.0,8.2,340.0,1297729.0,1.0,81.0
1.0,1.0,245.0,32.0,22.0,0.2,0.2,20549.0,12114.0,1.4,7395.0,1865552.0,1.0,97.0
19.0,27.0,2061.0,90.0,106.0,0.2,0.2,88071.0,10311.0,2.2,690.0,1726904.0,1.0,95.0
1.0,0.0,326.0,37.0,32.0,0.4,0.4,18480.0,11480.0,1.4,995.0,1761844.0,1.0,92.0
5.0,0.0,1538.0,293.0,123.0,1.2,2.0,375998.0,36154.0,1.0,620.0,1029116.0,1.0,87.0
2.0,0.0,3348.0,222.0,148.0,0.2,0.2,316936.0,441152.0,5.4,623.0,1006553.0,1.0,86.0
1.0,1.0,188.0,10.0,26.0,0.2,0.2,3035.0,26836.0,1.0,9288.0,1865677.0,1.0,98.0
24.0,19.0,1059.0,67.0,56.0,3.79,4.19,72920.0,34992.0,3.2,635.0,1019530.0,1.0,84.0
5.0,2.0,3435.0,225.0,133.0,2.8,3.2,202527.0,126833.0,1.0,140.0,988995.0,1.0,84.0
5.0,0.0,2877.0,102.0,83.0,0.2,0.2,70516.0,4055.0,2.2,649.0,1412344.0,1.0,92.0
2.0,1.0,248.0,16.0,22.0,0.4,0.4,7334.0,9807.0,1.0,7550.0,1870232.0,1.0,97.0
10.0,5.0,2337.0,74.0,54.0,1.0,1.4,10637.0,60984.0,2.0,5050.0,1673683.0,1.0,91.0
4.0,2.0,3812.0,297.0,147.0,0.4,0.4,394794.0,88076.0,3.0,1207.0,1536325.0,1.0,86.0
0.0,0.0,142.0,9.0,13.0,0.2,0.2,439.0,7710.0,1.0,7635.0,1866172.0,1.0,98.0
1.0,0.0,1326.0,92.0,75.0,1.0,1.8,18039.0,19357.0,1.5,156.0,1117818.0,1.0,93.0
5.0,3.0,4902.0,288.0,219.0,1.6,2.2,331091.0,175956.0,3.2,1641.0,1413941.0,1.0,83.0
2.0,1.0,406.0,41.0,32.0,0.2,0.2,3373.0,7138.0,1.0,579.0,1752968.0,1.0,98.0
35.0,0.0,4592.0,206.0,103.0,9.02,22.24,324995.0,28209.0,3.6,204.0,1088414.0,1.0,71.0
4.0,1.0,1751.0,148.0,125.0,0.6,2.0,419384.0,40810.0,6.4,2621.0,1378523.0,1.0,86.0
0.0,0.0,2334.0,76.0,110.0,0.2,0.2,4703.0,14345.0,2.4,1393.0,1725040.0,1.0,96.0
128.0,51.0,2429.0,355.0,346.0,1.6,3.0,661653.0,450703.0,2.0,132.0,1016723.0,1.0,74.0
11.0,9.0,2064.0,86.0,67.0,1.8,4.8,34707.0,24636.0,2.7,215.0,989568.0,1.0,92.0
1.0,0.0,3419.0,249.0,144.0,0.2,0.2,197230.0,207916.0,3.6,3708.0,1346824.0,1.0,94.0
5.0,1.0,3075.0,134.0,108.0,4.79,3.19,92817.0,23032.0,3.0,489.0,1746229.0,1.0,84.0
5.0,0.0,2105.0,156.0,133.0,1.0,3.2,214979.0,62173.0,3.3,739.0,1034208.0,1.0,89.0
2.0,2.0,1049.0,93.0,55.0,0.8,1.2,82530.0,32811.0,1.0,574.0,1039853.0,1.0,93.0
4.0,0.0,1511.0,87.0,61.0,1.2,3.6,28598.0,3684.0,2.0,409.0,1382992.0,1.0,94.0
0.0,0.0,148.0,10.0,15.0,0.2,0.2,417.0,1941.0,1.0,6460.0,1871616.0,1.0,98.0
8.0,4.0,2971.0,360.0,365.0,0.8,0.8,219101.0,101997.0,2.7,158.0,1025470.0,1.0,86.0
0.0,0.0,601.0,120.0,49.0,0.2,0.2,454452.0,13125.0,2.8,1659.0,1733061.0,1.0,91.0
6.0,5.0,2042.0,107.0,79.0,0.6,0.6,54202.0,132182.0,2.0,275.0,982831.0,1.0,90.0
20.0,13.0,3062.0,299.0,134.0,6.8,21.0,177292.0,30180.0,1.5,119.0,1114483.0,1.0,70.0
4.0,0.0,2833.0,417.0,371.0,0.8,1.0,129848.0,121670.0,1.5,137.0,1103078.0,1.0,87.0
49.0,65.0,1825.0,252.0,107.0,0.4,0.2,182668.0,56760.0,1.0,1875.0,1092909.0,1.0,88.0
1.0,1.0,230.0,51.0,32.0,0.2,0.2,315152.0,297176.0,2.4,5589.0,1835376.0,1.0,98.0
2.0,1.0,1600.0,85.0,136.0,0.2,0.2,15271.0,112122.0,2.5,331.0,1061296.0,1.0,94.0
0.0,0.0,159.0,15.0,16.0,0.2,0.2,454.0,5323.0,1.0,7226.0,1859904.0,1.0,99.0
2.0,1.0,3456.0,199.0,143.0,0.2,0.2,13373.0,19947.0,4.0,459.0,1316662.0,1.0,91.0
14.0,1.0,4419.0,619.0,496.0,8.4,2.6,241499.0,26462.0,2.3,1070.0,1068173.0,1.0,74.0
1.0,0.0,1219.0,155.0,105.0,0.2,0.2,8458.0,26050.0,2.0,219.0,1067466.0,1.0,96.0
24.0,32.0,278.0,57.0,33.0,0.4,0.4,378984.0,272804.0,2.6,5643.0,1836221.0,1.0,96.0
2.0,1.0,1338.0,82.0,48.0,0.2,0.2,197875.0,12946.0,1.0,5579.0,1832957.0,1.0,96.0
4.0,2.0,3107.0,270.0,198.0,1.6,1.8,49962.0,60719.0,5.0,156.0,1020181.0,1.0,88.0
1.0,1.0,498.0,203.0,76.0,0.2,0.2,193035.0,215610.0,3.6,226.0,1736312.0,1.0,94.0
1.0,1.0,893.0,70.0,73.0,0.2,0.2,18669.0,49639.0,1.0,707.0,1058507.0,1.0,96.0
16.0,0.0,2876.0,692.0,186.0,0.8,2.2,482340.0,59018.0,2.4,157.0,1028288.0,1.0,80.0
1.0,0.0,6128.0,505.0,287.0,0.6,0.8,261803.0,103675.0,4.8,133.0,996523.0,1.0,83.0
5.0,1.0,1871.0,99.0,96.0,0.4,0.4,13170.0,37286.0,1.0,1059.0,1055131.0,1.0,93.0
13.0,2.0,4011.0,235.0,173.0,6.99,20.56,51314.0,87285.0,2.7,206.0,1089043.0,1.0,72.0
33.0,43.0,2829.0,155.0,109.0,3.01,3.21,105461.0,36984.0,2.0,194.0,1005643.0,1.0,88.0
15.0,0.0,5893.0,492.0,268.0,11.38,30.54,405715.0,45200.0,2.5,129.0,1087794.0,1.0,51.0
45.0,59.0,2782.0,164.0,120.0,1.4,3.0,141984.0,48006.0,1.0,1097.0,1057458.0,1.0,84.0
4.0,1.0,2207.0,283.0,122.0,1.4,2.4,610199.0,562531.0,3.2,3299.0,1039954.0,1.0,87.0
0.0,0.0,303.0,116.0,30.0,0.2,0.2,22296.0,10299.0,1.0,5245.0,1856600.0,1.0,98.0
393.0,404.0,4310.0,273.0,141.0,0.6,2.0,224160.0,245543.0,3.8,264.0,1333863.0,1.0,89.0
70.0,78.0,3840.0,447.0,172.0,8.2,12.0,376602.0,61600.0,1.8,936.0,1021230.0,1.0,68.0
128.0,143.0,3247.0,543.0,172.0,3.01,5.61,648088.0,295537.0,1.7,137.0,1119484.0,1.0,73.0
20.0,16.0,3238.0,505.0,379.0,1.2,1.0,170554.0,78908.0,6.4,7957.0,1371010.0,1.0,80.0
15.0,2.0,2374.0,132.0,121.0,0.4,0.8,30493.0,41061.0,3.0,150.0,1018368.0,1.0,91.0
0.0,0.0,109.0,10.0,13.0,0.0,0.0,278.0,7934.0,1.0,8493.0,1866040.0,1.0,99.0
6.0,2.0,2649.0,257.0,199.0,2.2,7.58,72918.0,39879.0,2.0,331.0,1095416.0,1.0,84.0
23.0,4.0,3365.0,307.0,239.0,5.0,3.6,425526.0,43983.0,2.6,241.0,1080478.0,1.0,77.0
2.0,1.0,457.0,39.0,27.0,0.4,0.4,7987.0,5076.0,2.2,1354.0,1713314.0,1.0,95.0
188.0,213.0,1992.0,211.0,92.0,1.2,0.8,143039.0,20785.0,2.2,2170.0,1763142.0,1.0,85.0
1.0,0.0,4732.0,446.0,198.0,1.2,2.8,120247.0,224578.0,2.8,329.0,1382184.0,1.0,83.0
1.0,0.0,1624.0,101.0,89.0,0.4,0.4,7681.0,30563.0,2.0,142.0,1083149.0,1.0,95.0
26.0,5.0,1912.0,187.0,144.0,3.0,3.2,357583.0,165363.0,2.4,302.0,1536163.0,1.0,85.0
5.0,0.0,1114.0,382.0,31.0,0.2,0.2,106997.0,6721.0,1.0,1781.0,1769610.0,1.0,95.0
26.0,35.0,244.0,22.0,44.0,0.2,0.2,3458.0,87701.0,1.6,363.0,1744803.0,1.0,90.0
190.0,29.0,7360.0,457.0,327.0,2.0,8.58,128663.0,104128.0,3.2,179.0,1326737.0,1.0,71.0
16.0,5.0,3425.0,578.0,238.0,0.4,0.2,1068774.0,1051345.0,2.6,177.0,1036813.0,1.0,81.0
1.0,0.0,1874.0,107.0,114.0,0.6,0.4,20679.0,184797.0,2.6,835.0,1017366.0,1.0,91.0
4.0,1.0,1983.0,191.0,152.0,0.8,0.8,258832.0,170579.0,3.2,1143.0,1535661.0,1.0,90.0
1.0,0.0,383.0,63.0,39.0,0.4,0.4,181714.0,6983.0,3.4,132.0,1701336.0,1.0,97.0
5.0,1.0,1596.0,182.0,107.0,0.2,0.2,818686.0,79474.0,4.4,303.0,1328899.0,1.0,81.0
14.0,9.0,7394.0,186.0,137.0,3.2,8.8,150790.0,20217.0,3.6,261.0,1377384.0,1.0,71.0
1.0,1.0,465.0,22.0,28.0,0.2,0.2,11366.0,12964.0,1.2,6848.0,1877352.0,1.0,98.0
44.0,1.0,6493.0,591.0,460.0,14.4,19.2,391816.0,97027.0,4.8,182.0,1096938.0,1.0,48.0
4.0,1.0,5622.0,1314.0,695.0,0.6,1.0,126628.0,69404.0,2.0,1513.0,1087435.0,1.0,85.0
1.0,0.0,1458.0,120.0,92.0,0.4,0.4,26906.0,28056.0,1.0,188.0,1081674.0,1.0,92.0
48.0,0.0,3866.0,245.0,197.0,11.18,33.73,133990.0,65861.0,2.0,315.0,1092819.0,1.0,61.0
0.0,0.0,1364.0,69.0,62.0,0.2,0.2,1972.0,16209.0,1.6,690.0,1734606.0,1.0,96.0
15.0,12.0,2717.0,263.0,176.0,0.6,0.4,193730.0,83203.0,6.0,677.0,1320533.0,1.0,90.0
17.0,4.0,1910.0,131.0,91.0,1.8,2.0,113894.0,28026.0,1.4,7696.0,1871554.0,1.0,92.0
3.0,0.0,2757.0,171.0,250.0,1.8,0.6,56418.0,22397.0,3.0,187.0,1710638.0,1.0,90.0
56.0,62.0,1929.0,146.0,97.0,1.8,3.6,319479.0,97895.0,1.8,553.0,1085286.0,1.0,82.0
44.0,56.0,3487.0,272.0,182.0,1.8,1.8,200911.0,51793.0,2.0,773.0,1116289.0,1.0,82.0
1.0,0.0,659.0,79.0,72.0,0.2,0.2,12273.0,12505.0,3.0,1525.0,1717901.0,1.0,97.0
2.0,1.0,3810.0,174.0,121.0,1.0,1.4,384349.0,234513.0,3.3,185.0,1009234.0,1.0,83.0
11.0,1.0,5215.0,1011.0,805.0,9.18,6.39,773878.0,391304.0,3.4,1426.0,1031578.0,1.0,59.0
24.0,37.0,1218.0,97.0,100.0,0.2,0.2,95619.0,30008.0,3.4,168.0,1438424.0,1.0,94.0
5.0,4.0,796.0,58.0,51.0,0.2,0.2,16130.0,37792.0,2.0,234.0,1011745.0,1.0,95.0
1.0,0.0,1773.0,89.0,65.0,0.4,0.4,15913.0,20733.0,2.4,410.0,1087997.0,1.0,93.0
1.0,1.0,630.0,104.0,65.0,0.2,0.2,224349.0,176457.0,2.6,133.0,1715848.0,1.0,84.0
4.0,0.0,3039.0,200.0,137.0,2.2,1.2,166728.0,30197.0,2.7,313.0,1104350.0,1.0,84.0
21.0,10.0,3047.0,445.0,208.0,6.21,7.21,654086.0,429810.0,1.6,1526.0,1037688.0,1.0,75.0
7.0,2.0,3855.0,274.0,191.0,1.2,2.0,130110.0,115049.0,3.4,3078.0,1548314.0,1.0,89.0
2.0,1.0,818.0,54.0,50.0,0.2,0.2,1114.0,13939.0,1.0,133.0,1014048.0,1.0,96.0
1.0,1.0,1440.0,100.0,65.0,1.0,1.0,3681.0,21412.0,2.8,347.0,1060786.0,1.0,93.0
22.0,2.0,5365.0,697.0,531.0,14.4,10.6,659595.0,29375.0,1.0,175.0,972019.0,1.0,55.0
66.0,27.0,5275.0,461.0,324.0,6.96,9.15,373711.0,142975.0,2.2,227.0,1284924.0,1.0,74.0
1.0,0.0,2430.0,90.0,78.0,0.2,0.2,4435.0,17861.0,1.0,156.0,1069491.0,1.0,93.0
1.0,0.0,2180.0,109.0,153.0,0.2,0.2,8008.0,17867.0,3.4,1334.0,1724854.0,1.0,95.0
42.0,36.0,2071.0,326.0,587.0,3.59,8.38,153277.0,50719.0,1.0,313.0,1013351.0,1.0,85.0
1.0,0.0,461.0,54.0,18.0,0.2,0.2,17735.0,8554.0,1.0,579.0,1752811.0,1.0,97.0
19.0,26.0,2041.0,433.0,332.0,2.2,5.8,417645.0,100281.0,2.2,414.0,1697981.0,1.0,82.0
5.0,4.0,3638.0,503.0,196.0,1.4,2.8,530100.0,252494.0,2.8,221.0,1025456.0,1.0,81.0
30.0,0.0,3974.0,268.0,130.0,7.8,20.2,210297.0,33485.0,2.8,1359.0,1108970.0,1.0,70.0
8.0,0.0,4637.0,798.0,628.0,5.6,1.6,251739.0,62604.0,3.8,148.0,1696598.0,1.0,73.0
3.0,0.0,3052.0,111.0,197.0,1.0,1.2,112750.0,473805.0,2.0,480.0,1386939.0,1.0,90.0
1.0,0.0,5181.0,281.0,144.0,0.4,0.4,319646.0,68764.0,1.0,161.0,1026603.0,1.0,86.0
8.0,2.0,3488.0,273.0,134.0,6.0,5.0,101956.0,53951.0,1.8,427.0,1008350.0,1.0,81.0
5.0,2.0,1463.0,125.0,152.0,1.0,0.8,501614.0,26240.0,1.7,737.0,1047366.0,1.0,92.0
22.0,20.0,2017.0,393.0,151.0,0.4,0.4,583985.0,551003.0,702.0,90.0,10.0,1.0,0.0
6.0,3.0,2148.0,175.0,101.0,0.6,0.6,27775.0,63949.0,2.2,1902.0,1547744.0,1.0,95.0
2.0,1.0,1092.0,80.0,64.0,0.6,0.6,152586.0,85234.0,2.4,6604.0,1852661.0,1.0,93.0
3.0,1.0,3144.0,224.0,161.0,1.0,0.8,262412.0,28163.0,2.2,646.0,1054936.0,1.0,89.0
6.0,1.0,2505.0,170.0,159.0,0.6,0.6,417374.0,113156.0,5.4,3031.0,1540722.0,1.0,88.0
65.0,83.0,2194.0,220.0,133.0,0.4,0.4,246472.0,80797.0,1.0,1310.0,1086976.0,1.0,82.0
0.0,0.0,887.0,115.0,51.0,0.2,0.2,132347.0,125126.0,3.6,1369.0,1755973.0,1.0,96.0
3.0,1.0,3206.0,191.0,118.0,0.4,0.4,204680.0,103124.0,1.0,156.0,1130344.0,1.0,87.0
14.0,12.0,6674.0,369.0,225.0,1.6,3.0,124916.0,65986.0,1.0,1087.0,1014102.0,1.0,81.0
10.0,0.0,3378.0,341.0,278.0,8.22,18.44,265448.0,124892.0,1.0,341.0,1079413.0,1.0,70.0
4.0,2.0,389.0,38.0,15.0,2.0,2.0,80836.0,17496.0,1.2,11542.0,1879136.0,1.0,90.0
12.0,1.0,1153.0,76.0,44.0,8.6,12.0,90970.0,74499.0,1.4,4622.0,1849155.0,1.0,79.0
3.0,1.0,650.0,83.0,43.0,2.2,2.2,317214.0,129335.0,1.6,5350.0,1840486.0,1.0,88.0
8.0,0.0,5541.0,469.0,407.0,7.6,2.2,209351.0,11982.0,3.6,482.0,1744770.0,1.0,68.0
13.0,0.0,4279.0,235.0,176.0,12.22,34.47,289309.0,30701.0,1.0,184.0,1079269.0,1.0,61.0
13.0,1.0,4872.0,652.0,550.0,8.2,2.2,411321.0,92375.0,3.0,845.0,1055786.0,1.0,68.0
4.0,1.0,2605.0,176.0,103.0,0.4,0.4,175026.0,45282.0,3.0,427.0,1629016.0,1.0,92.0
87.0,57.0,3900.0,216.0,143.0,12.38,33.93,220639.0,88324.0,2.0,165.0,1104481.0,1.0,56.0
1.0,0.0,3567.0,339.0,304.0,0.6,2.2,28929.0,36591.0,1.0,271.0,1101937.0,1.0,88.0
2.0,1.0,308.0,24.0,32.0,0.8,0.8,189492.0,30085.0,1.2,9327.0,1873303.0,1.0,95.0
2.0,0.0,439.0,48.0,37.0,2.2,2.2,63971.0,29152.0,1.0,889.0,1791464.0,1.0,84.0
1.0,0.0,749.0,81.0,138.0,0.6,0.6,289878.0,27455.0,3.2,1084.0,1716637.0,1.0,95.0
0.0,0.0,173.0,15.0,12.0,0.2,0.2,1592.0,5127.0,1.0,7219.0,1847184.0,1.0,97.0
0.0,0.0,156.0,10.0,14.0,0.2,0.2,2088.0,4065.0,1.0,7326.0,1867559.0,1.0,99.0
2.0,0.0,376.0,35.0,15.0,2.2,2.2,62864.0,13634.0,1.2,6331.0,1845095.0,1.0,90.0
0.0,0.0,3705.0,218.0,177.0,0.2,0.2,205718.0,173263.0,2.4,131.0,1755281.0,1.0,83.0
20.0,6.0,9388.0,631.0,503.0,9.38,9.98,409706.0,81338.0,7.0,200.0,1506469.0,1.0,59.0
12.0,8.0,1852.0,191.0,121.0,1.2,2.59,242070.0,19965.0,1.3,215.0,970743.0,1.0,88.0
1.0,0.0,3075.0,193.0,116.0,0.2,0.2,9169.0,47411.0,2.0,579.0,1628867.0,1.0,94.0
2.0,0.0,2276.0,149.0,158.0,1.0,0.4,101233.0,110252.0,1.0,401.0,1062278.0,1.0,91.0
47.0,3.0,3870.0,363.0,173.0,10.4,28.2,1108597.0,47821.0,3.8,137.0,1097941.0,1.0,58.0
69.0,59.0,731.0,80.0,61.0,2.4,3.6,249270.0,114777.0,2.6,6676.0,1713430.0,1.0,88.0
4.0,1.0,877.0,62.0,51.0,0.6,2.0,17524.0,35342.0,2.0,1820.0,1539704.0,1.0,95.0
2.0,0.0,1850.0,259.0,163.0,1.8,0.6,89563.0,43126.0,2.0,1697.0,1767690.0,1.0,82.0
9.0,2.0,957.0,114.0,117.0,0.4,0.4,5523.0,21982.0,2.0,335.0,991712.0,1.0,93.0
1.0,0.0,2732.0,185.0,168.0,0.2,0.2,23269.0,21040.0,2.0,159.0,1097503.0,1.0,90.0
42.0,56.0,4620.0,229.0,166.0,0.8,2.4,87932.0,14760.0,2.4,624.0,1319765.0,1.0,87.0
0.0,0.0,190.0,19.0,28.0,0.2,0.2,450.0,11459.0,1.6,7368.0,1869294.0,1.0,98.0
8.0,1.0,1986.0,229.0,137.0,1.0,1.4,265319.0,76638.0,3.4,2606.0,1540563.0,1.0,92.0
0.0,0.0,164.0,14.0,15.0,0.2,0.2,444.0,3556.0,1.4,7418.0,1869323.0,1.0,98.0
2.0,1.0,208.0,28.0,30.0,0.2,0.2,133961.0,93202.0,1.4,6191.0,1856795.0,1.0,96.0
5.0,4.0,730.0,66.0,55.0,0.4,1.8,21076.0,18606.0,1.0,267.0,1016494.0,1.0,97.0
9.0,4.0,3895.0,308.0,182.0,0.8,1.0,181918.0,65964.0,5.4,432.0,1309147.0,1.0,86.0
2.0,1.0,450.0,82.0,45.0,1.6,1.6,356547.0,297275.0,2.2,3680.0,1822077.0,1.0,88.0
9.0,0.0,4290.0,428.0,346.0,3.8,1.2,251693.0,148389.0,3.0,342.0,1088830.0,1.0,79.0
25.0,0.0,3346.0,198.0,131.0,6.21,18.04,211729.0,48291.0,2.7,133.0,1099542.0,1.0,76.0
5.0,0.0,2235.0,241.0,104.0,1.6,0.6,55435.0,35095.0,2.6,133.0,1711675.0,1.0,91.0
6.0,3.0,1480.0,84.0,80.0,0.4,0.8,3808.0,46665.0,502.0,94.0,6.0,1.0,0.0
22.0,1.0,6798.0,557.0,436.0,7.0,2.4,326097.0,67166.0,5.8,3897.0,1345814.0,1.0,73.0
8.0,0.0,1699.0,100.0,70.0,7.0,20.0,70050.0,15979.0,1.0,156.0,1114605.0,1.0,77.0
8.0,0.0,2722.0,267.0,221.0,1.2,2.8,674717.0,254025.0,2.0,395.0,1048712.0,1.0,78.0
2.0,1.0,1073.0,63.0,71.0,0.2,0.2,34069.0,220893.0,1.2,8295.0,1860032.0,1.0,93.0
20.0,7.0,1878.0,151.0,75.0,2.4,2.4,245550.0,72088.0,3.2,171.0,1635587.0,1.0,88.0
13.0,1.0,4636.0,573.0,532.0,9.78,7.39,315909.0,39256.0,6.8,268.0,1437071.0,1.0,71.0
33.0,46.0,3831.0,654.0,635.0,2.0,0.8,416036.0,400226.0,4.7,267.0,1129635.0,1.0,84.0
2.0,0.0,369.0,79.0,43.0,0.4,1.0,220234.0,206298.0,3.2,178.0,1735726.0,1.0,97.0
5.0,0.0,594.0,107.0,67.0,2.0,2.0,46657.0,16271.0,2.0,1263.0,1767294.0,1.0,88.0
1.0,1.0,7191.0,767.0,1001.0,0.2,0.2,15110.0,50051.0,2.5,221.0,1017670.0,1.0,77.0
4.0,1.0,1999.0,170.0,154.0,2.8,0.8,130868.0,105798.0,1.8,7150.0,1856408.0,1.0,90.0
5.0,0.0,4896.0,168.0,120.0,4.0,8.4,137924.0,143835.0,3.8,300.0,1015395.0,1.0,74.0
44.0,0.0,3700.0,410.0,200.0,3.39,5.79,544367.0,247202.0,2.0,180.0,1118221.0,1.0,75.0
20.0,26.0,863.0,70.0,44.0,0.2,0.2,1864.0,14232.0,1.6,994.0,1761544.0,1.0,91.0
0.0,0.0,431.0,39.0,72.0,0.8,0.6,13226.0,49176.0,1.0,172.0,1746309.0,1.0,97.0
670.0,3.0,4831.0,181.0,118.0,3.6,4.8,152348.0,36710.0,1.4,2645.0,1712398.0,1.0,77.0
1.0,1.0,158.0,13.0,13.0,0.2,0.2,11119.0,16475.0,1.2,8609.0,1864503.0,1.0,99.0
2.0,0.0,1260.0,88.0,63.0,1.0,1.2,46147.0,33738.0,1.0,171.0,1022195.0,1.0,93.0
0.0,0.0,2386.0,146.0,158.0,0.2,0.2,17498.0,29550.0,2.4,237.0,1708638.0,1.0,94.0
10.0,1.0,3301.0,345.0,236.0,3.4,1.4,310665.0,42670.0,7.4,171.0,1518701.0,1.0,83.0
4.0,0.0,2061.0,531.0,240.0,0.2,0.2,56419.0,91653.0,1.0,269.0,1064781.0,1.0,91.0
4.0,2.0,2142.0,127.0,132.0,0.4,0.4,54322.0,13560.0,3.2,332.0,1702925.0,1.0,95.0
2.0,0.0,534.0,59.0,64.0,2.2,2.2,95619.0,57562.0,2.8,1100.0,1785865.0,1.0,82.0
34.0,26.0,4307.0,452.0,388.0,7.4,5.4,197746.0,68193.0,2.0,304.0,1003450.0,1.0,65.0
21.0,4.0,3092.0,242.0,180.0,1.4,1.6,122507.0,16070.0,2.4,1135.0,1524046.0,1.0,90.0
1.0,1.0,192.0,16.0,36.0,0.2,0.2,14470.0,26804.0,1.0,8360.0,1864653.0,1.0,98.0
10.0,10.0,3224.0,222.0,100.0,0.6,0.6,95098.0,46440.0,1.5,211.0,996805.0,1.0,89.0
15.0,3.0,4709.0,223.0,136.0,3.4,3.6,237044.0,78651.0,1.2,188.0,1014941.0,1.0,77.0
13.0,4.0,2682.0,229.0,241.0,1.2,2.6,203604.0,428823.0,3.4,355.0,1374622.0,1.0,82.0
6.0,0.0,1795.0,215.0,122.0,1.0,1.2,174802.0,29322.0,1.7,215.0,1102888.0,1.0,91.0
0.0,0.0,253.0,44.0,35.0,0.2,0.2,873.0,8478.0,1.0,1372.0,1746256.0,1.0,98.0
83.0,116.0,2984.0,145.0,132.0,1.2,1.0,172801.0,120045.0,1.4,516.0,1021016.0,1.0,82.0
1.0,0.0,2295.0,280.0,185.0,0.8,0.8,177334.0,28072.0,2.5,979.0,1127992.0,1.0,89.0
8.0,1.0,4911.0,247.0,185.0,2.0,4.0,215402.0,41434.0,2.8,990.0,1538602.0,1.0,86.0
2.0,1.0,3363.0,126.0,134.0,0.2,0.2,13163.0,176688.0,2.2,452.0,1523230.0,1.0,91.0
2.0,0.0,4228.0,206.0,186.0,1.8,0.6,84452.0,45749.0,2.2,600.0,1740986.0,1.0,86.0
5.0,1.0,1706.0,124.0,58.0,3.2,5.8,91651.0,35442.0,1.2,8437.0,1882131.0,1.0,91.0
5.0,0.0,1917.0,276.0,225.0,4.8,1.4,225592.0,9647.0,1.2,6776.0,1840662.0,1.0,86.0
5.0,0.0,4247.0,229.0,136.0,0.6,2.0,201583.0,88050.0,2.4,186.0,1460765.0,1.0,87.0
30.0,1.0,2329.0,176.0,111.0,6.6,19.0,46790.0,43319.0,2.3,228.0,1093566.0,1.0,78.0
13.0,0.0,3170.0,531.0,326.0,1.0,1.4,191399.0,60890.0,138.0,85.0,15.0,1.0,0.0
5.0,0.0,2794.0,291.0,263.0,1.2,0.6,129608.0,114836.0,3.0,1403.0,1040123.0,1.0,89.0
1.0,0.0,492.0,46.0,75.0,0.6,0.6,15833.0,8868.0,3.0,292.0,1716125.0,1.0,96.0
5.0,1.0,2382.0,173.0,193.0,0.8,1.8,94104.0,97560.0,1.0,1102.0,1101961.0,1.0,88.0
19.0,3.0,5503.0,575.0,406.0,3.59,3.19,88126.0,77733.0,2.8,184.0,1042028.0,1.0,76.0
1.0,0.0,3294.0,271.0,172.0,1.0,2.6,569257.0,296604.0,1.6,369.0,1017470.0,1.0,85.0
3.0,0.0,1234.0,205.0,115.0,0.4,2.2,123824.0,135757.0,2.4,263.0,1536757.0,1.0,93.0
0.0,0.0,1124.0,67.0,55.0,0.2,0.2,2781.0,12296.0,1.8,778.0,1758064.0,1.0,91.0
2.0,1.0,888.0,52.0,59.0,0.2,0.2,237283.0,288087.0,2.0,4355.0,1818307.0,1.0,96.0
43.0,2.0,5035.0,290.0,141.0,0.4,0.4,498675.0,96693.0,4.3,124.0,1007525.0,1.0,73.0
8.0,0.0,3540.0,382.0,347.0,7.39,2.0,187167.0,18673.0,2.8,8310.0,1860712.0,1.0,80.0
2.0,0.0,1002.0,93.0,81.0,0.4,0.6,21689.0,20743.0,1.5,320.0,1013824.0,1.0,94.0
4.0,0.0,1479.0,219.0,194.0,4.0,1.2,106304.0,8465.0,1.0,7349.0,1864163.0,1.0,88.0
0.0,0.0,128.0,8.0,9.0,0.2,0.2,979.0,5030.0,1.0,6946.0,1845040.0,1.0,98.0
0.0,0.0,297.0,24.0,31.0,0.2,0.2,19779.0,36920.0,1.4,1776.0,1766960.0,1.0,91.0
14.0,1.0,2648.0,212.0,111.0,1.2,2.61,273653.0,85476.0,1.5,1096.0,1115118.0,1.0,87.0
2.0,0.0,528.0,35.0,40.0,0.4,0.8,1229.0,25473.0,1.3,704.0,1064691.0,1.0,97.0
11.0,15.0,217.0,15.0,34.0,0.2,0.2,5339.0,19480.0,1.0,7292.0,1875112.0,1.0,98.0
38.0,41.0,3834.0,195.0,122.0,11.8,33.8,102413.0,48962.0,2.5,182.0,1078150.0,1.0,62.0
4.0,2.0,3440.0,454.0,221.0,0.8,1.4,241481.0,33613.0,1.5,1121.0,1128426.0,1.0,84.0
5.0,1.0,2170.0,226.0,168.0,1.0,1.8,120365.0,150726.0,2.4,239.0,1535606.0,1.0,90.0
0.0,0.0,199.0,10.0,18.0,0.2,0.2,5478.0,58790.0,1.0,7877.0,1875126.0,1.0,98.0
25.0,13.0,3659.0,140.0,148.0,0.4,0.4,165106.0,199521.0,2.6,3172.0,1637477.0,1.0,92.0
0.0,0.0,158.0,10.0,18.0,0.2,0.2,426.0,6555.0,1.0,6132.0,1856736.0,1.0,98.0
0.0,0.0,1606.0,60.0,68.0,0.2,0.2,9075.0,197083.0,1.0,8557.0,1870237.0,1.0,96.0
0.0,0.0,383.0,88.0,51.0,0.2,0.2,99388.0,25335.0,1.8,1132.0,1763850.0,1.0,96.0
14.0,10.0,1338.0,123.0,128.0,0.6,0.4,122682.0,43380.0,167.0,88.0,12.0,1.0,0.0
4.0,0.0,1266.0,153.0,133.0,2.6,0.8,57254.0,23163.0,1.0,586.0,1067526.0,1.0,91.0
43.0,58.0,1368.0,177.0,122.0,0.4,0.4,154537.0,119308.0,1.8,486.0,1514824.0,1.0,92.0
37.0,55.0,846.0,70.0,81.0,0.2,0.2,21396.0,43922.0,1.0,703.0,1060514.0,1.0,96.0
2.0,1.0,2648.0,199.0,159.0,1.6,2.0,115891.0,220023.0,3.4,498.0,1016256.0,1.0,83.0
5.0,4.0,1098.0,189.0,292.0,0.4,1.8,21978.0,751823.0,1.0,634.0,960042.0,1.0,90.0
8.0,1.0,4026.0,222.0,169.0,6.0,17.4,193223.0,79939.0,2.0,146.0,1078346.0,1.0,76.0
14.0,9.0,3448.0,370.0,261.0,2.0,2.0,221717.0,150820.0,2.2,158.0,1026549.0,1.0,82.0
20.0,1.0,2232.0,204.0,103.0,5.2,4.8,349753.0,173656.0,1.5,518.0,1029395.0,1.0,74.0
20.0,11.0,6131.0,220.0,120.0,5.4,27.0,321920.0,124515.0,5.6,779.0,1604088.0,1.0,67.0
14.0,11.0,1785.0,122.0,96.0,2.4,2.61,47389.0,47507.0,2.2,151.0,1018783.0,1.0,86.0
3.0,3.0,1236.0,248.0,144.0,0.4,0.4,150286.0,148238.0,3.0,1937.0,1577413.0,1.0,93.0
4.0,3.0,294.0,29.0,54.0,0.6,0.4,45310.0,30398.0,1.4,7511.0,1870499.0,1.0,95.0
16.0,11.0,5084.0,277.0,209.0,2.0,1.6,181781.0,53837.0,362.0,84.0,15.0,1.0,0.0
3.0,2.0,1668.0,107.0,93.0,0.4,0.4,51510.0,48700.0,1.5,451.0,976706.0,1.0,95.0
2.0,1.0,279.0,47.0,20.0,0.2,0.2,179007.0,5222.0,1.4,7401.0,1869352.0,1.0,96.0
0.0,0.0,2514.0,129.0,73.0,0.2,0.2,7689.0,24957.0,1.6,1406.0,1753992.0,1.0,89.0
40.0,41.0,5084.0,352.0,295.0,4.4,3.0,335386.0,105668.0,4.4,965.0,1537475.0,1.0,78.0
13.0,0.0,2093.0,98.0,74.0,0.4,1.8,39697.0,6783.0,3.4,5549.0,1410350.0,1.0,91.0
0.0,0.0,2333.0,112.0,143.0,0.2,0.2,5050.0,25855.0,2.0,819.0,1720944.0,1.0,96.0
23.0,2.0,6591.0,1335.0,1312.0,5.59,2.99,1138923.0,1081232.0,1.3,753.0,1053284.0,1.0,64.0
59.0,0.0,6122.0,345.0,87.0,15.17,49.9,476515.0,34281.0,3.2,185.0,1083578.0,1.0,57.0
1.0,1.0,154.0,8.0,12.0,0.2,0.2,7001.0,10981.0,1.0,7265.0,1875328.0,1.0,99.0
3.0,1.0,2215.0,179.0,112.0,0.4,0.4,72784.0,88980.0,2.0,136.0,1051462.0,1.0,90.0
6.0,2.0,2285.0,177.0,191.0,4.0,3.2,84430.0,214977.0,2.8,717.0,1016555.0,1.0,80.0
1.0,0.0,852.0,131.0,54.0,0.4,0.4,147982.0,133938.0,4.0,1094.0,1753981.0,1.0,96.0
69.0,90.0,3175.0,109.0,128.0,1.0,1.6,66150.0,121835.0,3.8,735.0,1519203.0,1.0,80.0
17.0,12.0,853.0,83.0,77.0,0.4,0.6,5459.0,11457.0,2.0,4899.0,1673314.0,1.0,95.0
46.0,54.0,1304.0,154.0,104.0,1.2,2.0,441213.0,141771.0,2.8,202.0,1068515.0,1.0,85.0
1.0,0.0,3033.0,166.0,157.0,0.2,0.2,62537.0,138790.0,3.2,282.0,1629112.0,1.0,94.0
0.0,0.0,138.0,9.0,10.0,0.2,0.2,1046.0,7427.0,1.0,6363.0,1852585.0,1.0,98.0
51.0,68.0,2562.0,195.0,162.0,2.4,2.4,379087.0,50798.0,4.8,3418.0,1425371.0,1.0,81.0
2.0,1.0,1832.0,216.0,139.0,0.4,1.8,12707.0,21307.0,3.8,406.0,1103627.0,1.0,93.0
14.0,0.0,1654.0,95.0,62.0,2.0,2.4,189881.0,134834.0,6.4,168.0,1593582.0,1.0,86.0
3.0,2.0,1126.0,136.0,106.0,0.2,0.2,11318.0,27334.0,3.0,422.0,993879.0,1.0,96.0
1.0,1.0,335.0,158.0,40.0,0.2,0.2,290620.0,267389.0,2.0,5753.0,1833178.0,1.0,97.0
3.0,0.0,583.0,53.0,68.0,2.6,3.2,62950.0,258017.0,1.8,270.0,1807019.0,1.0,81.0
18.0,26.0,436.0,95.0,34.0,0.2,0.2,333288.0,3395.0,2.8,2018.0,1719213.0,1.0,94.0
1.0,1.0,332.0,78.0,42.0,0.2,0.2,327206.0,209122.0,2.8,4094.0,1824344.0,1.0,92.0
5.0,1.0,2956.0,109.0,90.0,1.2,1.2,51726.0,81322.0,2.6,1883.0,1649765.0,1.0,92.0
1.0,0.0,859.0,116.0,67.0,0.2,0.2,202962.0,22913.0,2.8,438.0,1054056.0,1.0,94.0
9.0,0.0,4041.0,365.0,311.0,7.2,2.2,512190.0,10120.0,5.0,440.0,1711718.0,1.0,77.0
10.0,0.0,4754.0,756.0,720.0,2.4,0.8,598136.0,521849.0,2.8,181.0,1047442.0,1.0,79.0
30.0,3.0,4058.0,333.0,249.0,4.8,2.8,291987.0,34191.0,7.4,413.0,1293494.0,1.0,78.0
24.0,5.0,3703.0,303.0,143.0,4.6,9.8,426252.0,52575.0,4.8,450.0,1540493.0,1.0,82.0
79.0,101.0,1076.0,143.0,103.0,0.2,0.2,49908.0,52017.0,1.7,140.0,1005056.0,1.0,93.0
4.0,0.0,2281.0,154.0,114.0,0.8,1.0,97786.0,25104.0,1.0,181.0,1111448.0,1.0,91.0
7.0,0.0,1147.0,132.0,97.0,1.4,1.6,39079.0,19112.0,1.7,165.0,1087467.0,1.0,93.0
18.0,2.0,4780.0,351.0,327.0,1.0,1.4,735191.0,481231.0,5.0,154.0,972461.0,1.0,71.0
2.0,0.0,667.0,85.0,37.0,2.8,4.4,323466.0,58226.0,2.2,1407.0,1802781.0,1.0,78.0
2.0,0.0,878.0,168.0,64.0,0.6,0.4,256762.0,221846.0,4.2,2598.0,1574843.0,1.0,93.0
36.0,24.0,4583.0,671.0,262.0,2.8,3.2,248855.0,155439.0,4.2,914.0,1641515.0,1.0,73.0
4.0,2.0,1159.0,104.0,75.0,0.6,0.6,13302.0,26359.0,1.0,374.0,1097306.0,1.0,89.0
7.0,5.0,4240.0,185.0,170.0,0.6,1.0,13463.0,40559.0,1.0,1134.0,1053974.0,1.0,90.0
45.0,25.0,6154.0,191.0,161.0,3.39,10.38,153242.0,463723.0,6.2,233.0,1521515.0,1.0,69.0
21.0,15.0,4885.0,301.0,182.0,2.8,8.4,217813.0,204250.0,3.8,1910.0,1576610.0,1.0,76.0
10.0,5.0,4113.0,222.0,156.0,3.8,3.0,126566.0,37744.0,1.6,887.0,982733.0,1.0,84.0
1.0,0.0,1790.0,103.0,58.0,0.8,0.8,174914.0,7706.0,3.0,353.0,1711541.0,1.0,94.0
84.0,37.0,3277.0,261.0,221.0,4.4,2.8,253538.0,87740.0,5.2,240.0,1081061.0,1.0,79.0
3.0,3.0,261.0,72.0,34.0,0.2,0.2,18543.0,7923.0,1.0,5313.0,1859928.0,1.0,98.0
0.0,0.0,1059.0,18.0,25.0,0.2,0.2,5414.0,12403.0,1.0,8309.0,1864912.0,1.0,98.0
87.0,45.0,4469.0,301.0,210.0,9.0,19.4,237822.0,144350.0,2.0,428.0,1096499.0,1.0,69.0
5.0,3.0,3747.0,533.0,287.0,3.19,3.79,466175.0,605903.0,2.7,441.0,1038063.0,1.0,78.0
825.0,15.0,4132.0,182.0,164.0,1.6,2.99,79557.0,167314.0,1.0,200.0,1061000.0,1.0,68.0
2.0,1.0,1584.0,95.0,113.0,0.6,0.6,44283.0,95737.0,2.0,272.0,1535600.0,1.0,95.0
4.0,1.0,1285.0,143.0,92.0,0.4,0.8,15502.0,36431.0,2.8,1582.0,1537486.0,1.0,93.0
0.0,0.0,278.0,25.0,49.0,0.2,0.2,28634.0,39878.0,1.0,2981.0,1769748.0,1.0,93.0
7.0,1.0,1089.0,75.0,84.0,1.4,2.6,127719.0,78911.0,2.2,2031.0,1528709.0,1.0,93.0
2.0,1.0,3036.0,172.0,101.0,0.6,0.8,213468.0,125979.0,1.0,332.0,1125341.0,1.0,83.0
11.0,6.0,4515.0,185.0,165.0,3.79,4.99,85634.0,65019.0,4.4,890.0,1537031.0,1.0,76.0
14.0,0.0,4635.0,785.0,123.0,0.2,0.2,690532.0,65110.0,1.8,132.0,1015157.0,1.0,86.0
22.0,20.0,1693.0,167.0,87.0,1.6,4.8,63293.0,33705.0,1.3,1682.0,1081171.0,1.0,90.0
47.0,59.0,3726.0,261.0,269.0,4.2,11.8,260103.0,486447.0,2.6,181.0,1373872.0,1.0,73.0
12.0,4.0,3825.0,352.0,315.0,6.0,2.0,173914.0,35915.0,3.8,2002.0,1719354.0,1.0,81.0
1.0,0.0,355.0,24.0,21.0,0.8,0.8,18370.0,3178.0,1.0,7309.0,1864419.0,1.0,97.0
4.0,2.0,879.0,95.0,56.0,0.6,0.6,229339.0,14622.0,2.0,577.0,1015192.0,1.0,94.0
84.0,50.0,2687.0,254.0,153.0,3.6,4.4,338059.0,85012.0,6.4,3736.0,1604352.0,1.0,82.0
10.0,4.0,6601.0,1078.0,1011.0,4.8,2.0,839271.0,734468.0,1.8,227.0,1121504.0,1.0,72.0
164.0,160.0,4597.0,370.0,253.0,0.4,1.0,315228.0,250265.0,3.8,1947.0,1327789.0,1.0,86.0
2.0,1.0,217.0,15.0,17.0,0.2,0.2,25964.0,10572.0,1.2,8094.0,1866180.0,1.0,98.0
1.0,0.0,5744.0,168.0,190.0,0.2,0.2,51175.0,189975.0,1.2,312.0,1013458.0,1.0,89.0
4.0,0.0,5300.0,554.0,386.0,3.4,1.2,217765.0,64739.0,2.4,138.0,1002414.0,1.0,81.0
3.0,2.0,267.0,35.0,30.0,0.2,0.2,9632.0,14033.0,1.0,647.0,1748749.0,1.0,98.0
1.0,0.0,874.0,14.0,20.0,0.2,0.2,570.0,6276.0,1.4,556.0,1752872.0,1.0,98.0
10.0,8.0,3514.0,176.0,111.0,1.8,3.8,375121.0,94898.0,5.6,2094.0,1640810.0,1.0,87.0
0.0,0.0,2011.0,330.0,243.0,0.2,0.2,104281.0,33860.0,2.2,2976.0,1736637.0,1.0,90.0
1.0,1.0,418.0,54.0,42.0,0.2,0.2,1439.0,17874.0,1.0,693.0,1731210.0,1.0,98.0
3.0,2.0,1265.0,102.0,49.0,0.2,0.2,14291.0,20874.0,1.0,626.0,1066987.0,1.0,96.0
4.0,0.0,1275.0,180.0,142.0,2.4,0.8,84377.0,21289.0,1.0,180.0,1023469.0,1.0,91.0
19.0,16.0,1806.0,406.0,226.0,0.6,0.4,641052.0,533824.0,754.0,91.0,9.0,1.0,0.0
1.0,0.0,5527.0,192.0,147.0,0.2,0.2,265066.0,88570.0,1.5,126.0,1010410.0,1.0,89.0
9.0,6.0,1312.0,58.0,44.0,0.6,0.6,129917.0,8132.0,4.0,127.0,1527920.0,1.0,95.0
20.0,29.0,1997.0,94.0,64.0,0.2,0.2,4637.0,6918.0,2.0,3956.0,1775598.0,1.0,91.0
4.0,0.0,2226.0,300.0,250.0,4.2,1.2,203984.0,22500.0,2.8,645.0,1758651.0,1.0,80.0
37.0,52.0,1883.0,177.0,110.0,0.2,0.2,345074.0,79143.0,2.2,3257.0,1657754.0,1.0,94.0
1.0,0.0,649.0,154.0,65.0,0.2,0.2,250243.0,172462.0,3.2,999.0,1750280.0,1.0,96.0
1.0,0.0,3039.0,206.0,103.0,0.2,0.2,277673.0,36645.0,2.6,192.0,1009614.0,1.0,90.0
9.0,7.0,1681.0,166.0,106.0,0.4,0.4,138589.0,52968.0,1.2,290.0,1011274.0,1.0,92.0
26.0,22.0,2971.0,337.0,273.0,2.4,1.8,286522.0,60223.0,1.0,175.0,963154.0,1.0,87.0
3.0,0.0,1379.0,145.0,124.0,2.8,5.4,82823.0,74139.0,2.5,179.0,999150.0,1.0,91.0
1.0,0.0,467.0,142.0,67.0,0.2,0.2,111229.0,124147.0,3.4,176.0,1736254.0,1.0,96.0
2.0,0.0,967.0,126.0,53.0,1.6,2.2,361138.0,138354.0,2.2,7329.0,1876546.0,1.0,89.0
3.0,1.0,2018.0,159.0,118.0,1.0,1.0,116293.0,62743.0,2.8,2997.0,1419893.0,1.0,90.0
8.0,0.0,1676.0,178.0,146.0,1.8,3.2,108171.0,23730.0,1.0,772.0,1105752.0,1.0,88.0
1.0,1.0,214.0,17.0,30.0,0.2,0.2,7359.0,29992.0,1.2,7309.0,1869372.0,1.0,97.0
9.0,1.0,1909.0,78.0,58.0,0.4,0.4,43494.0,5858.0,1.0,363.0,1752696.0,1.0,94.0
1.0,0.0,993.0,51.0,39.0,0.6,0.6,7421.0,6898.0,3.0,162.0,1709936.0,1.0,96.0
3.0,0.0,2484.0,181.0,82.0,1.6,3.61,127530.0,49770.0,2.0,536.0,1068205.0,1.0,90.0
4.0,2.0,2483.0,268.0,162.0,0.4,0.4,561018.0,286158.0,4.8,2622.0,1562976.0,1.0,90.0
5.0,3.0,4509.0,291.0,182.0,1.0,1.6,138031.0,108618.0,1.0,149.0,1127822.0,1.0,84.0
0.0,0.0,170.0,12.0,36.0,0.2,0.2,1886.0,31093.0,1.0,7374.0,1874600.0,1.0,98.0
3.0,3.0,174.0,13.0,15.0,0.2,0.2,9661.0,14010.0,1.0,6855.0,1826152.0,1.0,98.0
3.0,0.0,1396.0,136.0,139.0,1.4,2.2,181842.0,63692.0,4.4,365.0,1052814.0,1.0,85.0
187.0,25.0,4331.0,333.0,284.0,1.2,2.8,235764.0,188657.0,3.0,2364.0,1345203.0,1.0,88.0
15.0,22.0,189.0,10.0,15.0,0.2,0.2,7564.0,13521.0,1.4,8320.0,1863725.0,1.0,97.0
67.0,34.0,3538.0,253.0,213.0,6.99,18.96,154656.0,121562.0,1.0,169.0,1089316.0,1.0,74.0
28.0,39.0,1360.0,57.0,36.0,1.0,5.6,102607.0,18360.0,1.4,4631.0,1824720.0,1.0,94.0
10.0,6.0,476.0,44.0,54.0,1.4,1.2,30286.0,32718.0,2.0,479.0,1741809.0,1.0,89.0
57.0,76.0,3219.0,328.0,182.0,1.8,1.4,247623.0,202180.0,1.3,668.0,1063253.0,1.0,80.0
29.0,38.0,1917.0,98.0,162.0,0.8,2.2,26811.0,172251.0,1.0,700.0,1077370.0,1.0,92.0
2.0,0.0,538.0,60.0,22.0,2.4,2.4,181203.0,26377.0,1.2,2589.0,1797740.0,1.0,81.0
1.0,0.0,3645.0,250.0,156.0,0.2,0.2,18141.0,70828.0,2.0,496.0,1079114.0,1.0,89.0
2.0,1.0,284.0,43.0,16.0,0.2,0.2,261161.0,11296.0,1.4,8351.0,1865738.0,1.0,97.0
65.0,6.0,2532.0,166.0,125.0,0.6,0.8,38998.0,80415.0,1.0,342.0,1036602.0,1.0,81.0
7.0,2.0,2088.0,257.0,200.0,4.8,2.4,359374.0,8357.0,2.2,8581.0,1865357.0,1.0,85.0
24.0,2.0,2546.0,138.0,83.0,5.2,16.4,137284.0,24420.0,874.0,86.0,12.0,1.0,0.0
28.0,33.0,2183.0,348.0,285.0,2.2,0.8,199473.0,29083.0,2.4,969.0,973827.0,1.0,89.0
3.0,1.0,525.0,84.0,52.0,2.0,2.0,240540.0,185870.0,2.6,3340.0,1819246.0,1.0,84.0
1.0,0.0,444.0,54.0,66.0,0.2,0.2,58812.0,53197.0,3.2,505.0,1703970.0,1.0,94.0
59.0,77.0,3690.0,665.0,267.0,1.0,0.6,89635.0,108337.0,1.6,212.0,1132274.0,1.0,83.0
19.0,17.0,1792.0,111.0,152.0,1.0,1.0,281818.0,65470.0,1.5,1183.0,1007947.0,1.0,92.0
18.0,27.0,184.0,20.0,23.0,0.2,0.2,503.0,10524.0,2.0,6298.0,1724355.0,1.0,98.0
19.0,7.0,2730.0,178.0,113.0,3.0,4.6,656621.0,547133.0,3.0,158.0,1528717.0,1.0,72.0
43.0,31.0,2296.0,157.0,111.0,2.8,1.8,300099.0,56847.0,1.2,298.0,1086066.0,1.0,83.0
2.0,0.0,2224.0,249.0,186.0,1.0,2.99,203563.0,49821.0,2.2,339.0,1016750.0,1.0,88.0
1.0,0.0,1364.0,54.0,57.0,1.2,3.19,57963.0,21216.0,1.0,219.0,987281.0,1.0,93.0
1.0,0.0,1674.0,110.0,78.0,0.6,0.6,17273.0,50639.0,1.3,180.0,1129784.0,1.0,93.0
1.0,0.0,4022.0,282.0,237.0,0.6,3.4,158712.0,84261.0,3.0,147.0,985730.0,1.0,87.0
6.0,0.0,2043.0,121.0,75.0,0.8,2.2,155244.0,39102.0,4.4,156.0,1525677.0,1.0,92.0
2.0,1.0,206.0,32.0,14.0,0.2,0.2,197577.0,13197.0,1.2,7202.0,1874062.0,1.0,98.0
1.0,0.0,763.0,81.0,39.0,1.6,7.0,53705.0,9774.0,1.6,2091.0,1763118.0,1.0,95.0
21.0,4.0,5347.0,535.0,434.0,3.4,8.8,533236.0,228358.0,6.0,2354.0,1645154.0,1.0,78.0
17.0,23.0,2608.0,203.0,91.0,1.0,1.0,175845.0,145439.0,4.0,289.0,1723885.0,1.0,89.0
2.0,1.0,2072.0,95.0,103.0,0.2,0.2,17251.0,137276.0,2.4,313.0,1522626.0,1.0,96.0
24.0,17.0,2002.0,197.0,142.0,1.2,1.2,268033.0,42989.0,907.0,82.0,18.0,1.0,0.0
1.0,1.0,191.0,14.0,14.0,0.2,0.2,7018.0,4533.0,1.2,7292.0,1863744.0,1.0,98.0
7.0,4.0,4425.0,306.0,241.0,2.81,5.01,154513.0,63102.0,2.0,168.0,995703.0,1.0,78.0
1.0,1.0,166.0,11.0,11.0,0.2,0.2,7467.0,6028.0,1.0,4811.0,1816638.0,1.0,97.0
1.0,0.0,1450.0,94.0,76.0,0.6,0.8,133560.0,144848.0,2.0,786.0,1711489.0,1.0,86.0
0.0,0.0,1569.0,42.0,37.0,0.2,0.2,12811.0,13660.0,1.2,5964.0,1818256.0,1.0,97.0
2.0,0.0,1757.0,134.0,72.0,0.4,0.4,300196.0,53888.0,1.0,383.0,1053752.0,1.0,87.0
12.0,0.0,4635.0,679.0,576.0,10.8,4.4,322232.0,50852.0,1.0,408.0,1027626.0,1.0,64.0
6.0,4.0,3254.0,370.0,171.0,1.6,3.4,60838.0,37427.0,2.0,181.0,1068232.0,1.0,86.0
1.0,0.0,789.0,116.0,122.0,0.2,0.2,5722.0,23842.0,1.5,1885.0,1075006.0,1.0,96.0
16.0,6.0,4325.0,478.0,394.0,8.8,4.6,274568.0,30021.0,1.0,207.0,1027142.0,1.0,69.0
25.0,31.0,2352.0,276.0,189.0,3.6,1.0,84138.0,13474.0,2.6,518.0,1745262.0,1.0,80.0
25.0,12.0,3656.0,383.0,211.0,3.56,5.35,420694.0,70994.0,1.5,330.0,1088813.0,1.0,78.0
18.0,4.0,2940.0,447.0,377.0,4.8,1.8,194915.0,71553.0,1.6,243.0,965794.0,1.0,83.0
48.0,46.0,2516.0,361.0,382.0,1.4,1.6,41113.0,68007.0,1.0,735.0,986773.0,1.0,81.0
4.0,0.0,943.0,132.0,122.0,2.4,0.8,64603.0,15178.0,2.0,7658.0,1879286.0,1.0,92.0
3.0,0.0,493.0,72.0,55.0,0.6,0.8,29548.0,12598.0,3.2,325.0,1701342.0,1.0,94.0
59.0,65.0,4327.0,296.0,227.0,3.99,7.58,163390.0,88519.0,1.3,171.0,1060752.0,1.0,77.0
1.0,0.0,3861.0,298.0,138.0,1.2,2.61,297235.0,31839.0,3.0,498.0,1014899.0,1.0,86.0
5.0,0.0,4222.0,692.0,530.0,2.0,6.6,614486.0,379180.0,1.0,357.0,1092782.0,1.0,81.0
20.0,2.0,3353.0,507.0,209.0,5.45,5.45,235910.0,44191.0,3.0,173.0,1001418.0,1.0,69.0
5.0,0.0,3811.0,297.0,136.0,1.4,2.8,138739.0,29632.0,3.2,906.0,1439373.0,1.0,83.0
1.0,0.0,324.0,44.0,28.0,0.6,0.6,127787.0,17925.0,1.4,950.0,1762378.0,1.0,95.0
1.0,0.0,2264.0,148.0,95.0,0.4,0.6,23311.0,13315.0,3.4,1933.0,1408115.0,1.0,90.0
12.0,2.0,3575.0,345.0,198.0,3.4,2.0,125934.0,75566.0,3.4,1417.0,1531504.0,1.0,79.0
2.0,0.0,3583.0,179.0,119.0,1.4,1.6,100395.0,31497.0,2.6,1371.0,1753816.0,1.0,82.0
4.0,2.0,2318.0,252.0,116.0,0.4,0.4,284319.0,144524.0,3.6,669.0,1326208.0,1.0,94.0
8.0,1.0,2685.0,221.0,82.0,3.79,5.19,242335.0,67322.0,1.0,99.0,1064798.0,1.0,82.0
11.0,0.0,4449.0,612.0,528.0,10.0,3.0,290561.0,19801.0,1.5,183.0,1015698.0,1.0,70.0
50.0,67.0,2197.0,135.0,118.0,1.0,1.6,115733.0,112170.0,2.0,245.0,1010376.0,1.0,85.0
28.0,14.0,3857.0,294.0,218.0,3.0,11.6,215408.0,170249.0,7.6,277.0,1313382.0,1.0,79.0
3.0,1.0,1065.0,60.0,42.0,1.8,2.6,98610.0,319867.0,1.8,6823.0,1843387.0,1.0,89.0
27.0,8.0,3973.0,282.0,151.0,4.2,4.6,508438.0,192730.0,1.8,273.0,1014010.0,1.0,74.0
32.0,4.0,3243.0,182.0,140.0,5.2,5.6,337517.0,94832.0,5.6,1300.0,1535309.0,1.0,80.0
4.0,0.0,5359.0,331.0,195.0,4.41,4.61,212339.0,22073.0,1.2,196.0,999274.0,1.0,76.0
26.0,38.0,370.0,69.0,21.0,0.2,0.2,339921.0,6853.0,1.4,136.0,1749590.0,1.0,95.0
28.0,28.0,2755.0,385.0,340.0,7.82,2.2,249104.0,74852.0,2.0,7525.0,1868382.0,1.0,78.0
10.0,2.0,2441.0,225.0,118.0,1.0,5.59,271980.0,38053.0,4.8,444.0,1311257.0,1.0,90.0
6.0,1.0,4322.0,387.0,274.0,3.41,3.21,211938.0,119371.0,1.0,679.0,989015.0,1.0,81.0
3.0,3.0,2213.0,135.0,125.0,0.2,0.2,23254.0,25981.0,4.2,707.0,1637710.0,1.0,95.0
15.0,22.0,160.0,16.0,13.0,0.2,0.2,6989.0,11016.0,1.4,8506.0,1866392.0,1.0,98.0
1.0,0.0,3017.0,136.0,112.0,0.2,0.2,59665.0,113330.0,2.4,434.0,1630134.0,1.0,94.0
2.0,0.0,800.0,73.0,57.0,0.4,0.4,36986.0,17713.0,1.0,704.0,1074615.0,1.0,95.0
127.0,51.0,1934.0,207.0,198.0,0.6,0.8,125735.0,166302.0,1.0,1015.0,1009613.0,1.0,88.0
10.0,0.0,3628.0,364.0,250.0,9.2,22.2,413713.0,95747.0,2.4,336.0,1106598.0,1.0,66.0
1.0,0.0,362.0,115.0,67.0,0.2,0.2,196922.0,186447.0,3.6,741.0,1727502.0,1.0,97.0
16.0,11.0,7188.0,496.0,378.0,4.6,10.8,219020.0,80489.0,2.8,345.0,1001160.0,1.0,76.0
4.0,0.0,1898.0,175.0,134.0,1.8,4.6,467918.0,366260.0,3.0,770.0,1758770.0,1.0,86.0
292.0,181.0,4604.0,252.0,184.0,1.8,2.0,278113.0,20555.0,4.2,366.0,1451837.0,1.0,75.0
5.0,1.0,3506.0,350.0,189.0,1.0,1.0,162808.0,119490.0,2.6,2354.0,1397294.0,1.0,83.0
47.0,17.0,2625.0,340.0,251.0,1.6,1.0,87682.0,214358.0,1.0,121.0,1102846.0,1.0,86.0
21.0,29.0,200.0,16.0,20.0,0.2,0.2,7044.0,10682.0,1.0,7265.0,1868770.0,1.0,98.0
3.0,0.0,646.0,49.0,21.0,1.8,1.8,121611.0,16718.0,1.2,6740.0,1850714.0,1.0,91.0
15.0,12.0,2882.0,358.0,253.0,0.8,0.8,372240.0,271212.0,4.2,610.0,1334266.0,1.0,86.0
3.0,1.0,2752.0,147.0,113.0,0.8,2.2,131882.0,34846.0,1.3,534.0,983482.0,1.0,91.0
35.0,11.0,4871.0,550.0,459.0,9.0,3.0,396942.0,31688.0,160.0,66.0,33.0,1.0,0.0
28.0,41.0,264.0,42.0,42.0,0.2,0.2,627.0,7520.0,1.0,215.0,1759640.0,1.0,96.0
5.0,0.0,1998.0,292.0,242.0,4.2,1.2,132678.0,19310.0,3.0,634.0,1711210.0,1.0,86.0
23.0,0.0,4000.0,293.0,216.0,3.2,1.2,411895.0,34783.0,3.6,1765.0,1397034.0,1.0,83.0
0.0,0.0,2296.0,103.0,67.0,0.4,0.6,77486.0,18974.0,1.2,165.0,1011243.0,1.0,92.0
3.0,1.0,767.0,87.0,83.0,2.2,2.4,86290.0,18476.0,3.6,628.0,1713152.0,1.0,93.0
15.0,9.0,4803.0,327.0,309.0,1.4,2.99,168100.0,559019.0,1.5,534.0,992567.0,1.0,76.0
0.0,0.0,1345.0,138.0,97.0,0.6,1.2,121947.0,31895.0,1.0,359.0,1029237.0,1.0,92.0
1.0,0.0,481.0,53.0,57.0,1.2,0.6,16429.0,15214.0,1.0,7217.0,1867607.0,1.0,97.0
3.0,0.0,3564.0,301.0,223.0,0.2,0.2,15492.0,104015.0,2.7,162.0,1065054.0,1.0,88.0
53.0,69.0,7365.0,1077.0,636.0,3.6,1.8,71374.0,162978.0,2.4,567.0,1011078.0,1.0,67.0
50.0,56.0,1787.0,103.0,56.0,6.61,17.43,290399.0,31307.0,1.8,365.0,1083344.0,1.0,76.0
6.0,3.0,1698.0,120.0,71.0,0.4,0.4,43357.0,36278.0,2.4,1703.0,1546931.0,1.0,94.0
77.0,86.0,4335.0,507.0,326.0,4.6,2.2,113343.0,43362.0,1.8,2555.0,974474.0,1.0,76.0
11.0,10.0,971.0,75.0,56.0,0.4,1.8,16086.0,19014.0,1.7,1753.0,1081851.0,1.0,95.0
7.0,1.0,1950.0,180.0,97.0,5.99,6.19,397379.0,148245.0,1.6,365.0,1005349.0,1.0,74.0
23.0,0.0,7010.0,634.0,583.0,9.0,3.8,354709.0,41888.0,5.6,530.0,1538702.0,1.0,68.0
15.0,13.0,1993.0,132.0,116.0,1.2,1.6,34793.0,60597.0,1.0,305.0,991550.0,1.0,92.0
8.0,5.0,717.0,44.0,38.0,0.6,0.6,94541.0,27960.0,1.7,766.0,1039227.0,1.0,94.0
4.0,2.0,2106.0,213.0,124.0,1.4,2.8,17914.0,23884.0,2.0,999.0,1128026.0,1.0,91.0
25.0,4.0,4644.0,230.0,177.0,1.2,2.0,243774.0,58431.0,9.8,305.0,1304165.0,1.0,83.0
3.0,3.0,383.0,49.0,12.0,0.2,0.2,22602.0,5931.0,1.0,6382.0,1852983.0,1.0,98.0
2.0,1.0,542.0,89.0,65.0,0.4,0.4,2453.0,16876.0,2.2,667.0,1721728.0,1.0,96.0
3.0,0.0,2254.0,107.0,88.0,0.6,2.2,206795.0,72088.0,3.0,990.0,1547120.0,1.0,95.0
3.0,0.0,1372.0,76.0,68.0,0.4,1.8,150618.0,119814.0,2.4,1435.0,1542104.0,1.0,97.0
10.0,6.0,655.0,118.0,83.0,0.8,1.2,260079.0,11342.0,2.8,6231.0,1721918.0,1.0,94.0
9.0,5.0,2947.0,243.0,148.0,1.2,2.4,208635.0,32396.0,1106.0,90.0,9.0,1.0,0.0
0.0,0.0,367.0,62.0,43.0,0.4,0.6,38562.0,12342.0,1.2,710.0,1753534.0,1.0,96.0
5.0,0.0,2183.0,370.0,340.0,0.4,1.8,113768.0,19844.0,1.6,364.0,1086010.0,1.0,83.0
2.0,1.0,422.0,73.0,44.0,1.0,1.0,276333.0,259294.0,2.2,3462.0,1822493.0,1.0,90.0
1.0,0.0,5520.0,414.0,259.0,0.2,0.2,84595.0,46486.0,1.2,178.0,1066061.0,1.0,90.0
9.0,6.0,3368.0,138.0,101.0,0.6,2.2,105369.0,88612.0,5.6,1397.0,1327512.0,1.0,90.0
2.0,0.0,2389.0,190.0,123.0,0.4,0.6,147176.0,42063.0,1.8,193.0,1023149.0,1.0,91.0
3.0,2.0,3423.0,146.0,160.0,0.8,1.2,31159.0,24676.0,1.5,220.0,1025794.0,1.0,90.0
133.0,124.0,3215.0,293.0,189.0,1.4,1.2,340039.0,142524.0,2.2,713.0,997958.0,1.0,86.0
1.0,0.0,322.0,40.0,32.0,0.6,2.0,877.0,6435.0,3.0,597.0,1715934.0,1.0,97.0
0.0,0.0,345.0,179.0,36.0,0.2,0.2,28958.0,14830.0,1.2,5286.0,1858259.0,1.0,96.0
9.0,2.0,2363.0,217.0,143.0,6.99,20.96,170241.0,56440.0,1.3,117.0,1112195.0,1.0,75.0
3.0,0.0,2201.0,201.0,74.0,0.4,1.0,111582.0,23487.0,3.6,139.0,1112096.0,1.0,90.0
46.0,49.0,1715.0,111.0,83.0,1.0,2.4,172621.0,26867.0,2.4,479.0,1537131.0,1.0,92.0
9.0,5.0,2416.0,173.0,107.0,2.6,2.8,345321.0,41989.0,5.6,1655.0,1385616.0,1.0,79.0
23.0,21.0,2218.0,123.0,88.0,0.4,0.4,175316.0,24270.0,3.8,8833.0,1369906.0,1.0,87.0
5.0,0.0,1321.0,131.0,91.0,1.0,0.8,103867.0,26989.0,1.0,447.0,978733.0,1.0,91.0
24.0,16.0,1927.0,178.0,167.0,7.2,19.8,54727.0,70307.0,2.0,219.0,1106378.0,1.0,75.0
21.0,6.0,1974.0,183.0,191.0,2.0,1.8,129997.0,109342.0,3.4,550.0,1532637.0,1.0,88.0
22.0,13.0,6880.0,491.0,395.0,7.0,12.8,215557.0,98816.0,1.8,159.0,1091131.0,1.0,61.0
20.0,4.0,2581.0,322.0,165.0,0.4,0.4,32867.0,12276.0,3.4,3887.0,1414698.0,1.0,90.0
11.0,15.0,277.0,45.0,33.0,0.2,0.2,253502.0,33525.0,1.4,9219.0,1867472.0,1.0,97.0
13.0,3.0,4190.0,281.0,203.0,1.4,3.01,236259.0,44362.0,1.0,215.0,1111593.0,1.0,83.0
97.0,0.0,887.0,135.0,47.0,0.8,1.0,845121.0,35646.0,4.2,356.0,1700874.0,1.0,92.0
10.0,3.0,3180.0,433.0,390.0,5.01,1.4,271335.0,136601.0,3.4,625.0,958091.0,1.0,78.0
37.0,49.0,4667.0,673.0,457.0,2.6,0.8,262181.0,220110.0,1.4,287.0,1073834.0,1.0,81.0
1.0,1.0,384.0,92.0,54.0,0.2,0.2,259906.0,238551.0,2.2,4128.0,1825290.0,1.0,93.0
11.0,4.0,4406.0,177.0,151.0,5.2,5.2,146325.0,6300.0,3.4,233.0,1447301.0,1.0,85.0
10.0,2.0,1490.0,279.0,229.0,1.6,1.4,168863.0,24702.0,1.0,688.0,971408.0,1.0,89.0
4.0,0.0,4017.0,268.0,190.0,0.6,1.8,449731.0,221130.0,4.6,813.0,1318486.0,1.0,89.0
42.0,45.0,3708.0,465.0,436.0,8.0,2.2,267790.0,130802.0,3.8,741.0,1535707.0,1.0,75.0
12.0,16.0,231.0,21.0,29.0,0.2,0.2,5973.0,4996.0,1.6,488.0,1754712.0,1.0,92.0
11.0,10.0,2301.0,262.0,118.0,0.6,0.6,981662.0,93397.0,2.0,2731.0,1089587.0,1.0,88.0
1.0,1.0,2565.0,291.0,194.0,0.6,0.8,10841.0,33495.0,1.0,133.0,1101546.0,1.0,90.0
19.0,18.0,3858.0,222.0,151.0,1.2,1.2,437045.0,78441.0,2.3,155.0,996604.0,1.0,78.0
22.0,4.0,1650.0,223.0,205.0,1.8,1.6,33024.0,29856.0,4.5,158.0,1058141.0,1.0,86.0
3.0,0.0,1073.0,141.0,132.0,2.99,1.0,82644.0,19928.0,2.0,8317.0,1860658.0,1.0,92.0
9.0,8.0,1428.0,85.0,67.0,0.8,1.4,12357.0,29920.0,2.0,324.0,1061935.0,1.0,89.0
13.0,10.0,1970.0,114.0,67.0,2.0,2.0,42776.0,22590.0,1.0,918.0,997309.0,1.0,90.0
21.0,5.0,968.0,86.0,106.0,1.0,1.0,11050.0,43365.0,4.0,464.0,972561.0,1.0,88.0
1.0,0.0,781.0,60.0,64.0,1.0,2.0,8478.0,16249.0,1.5,2160.0,1072765.0,1.0,94.0
15.0,14.0,526.0,81.0,48.0,0.4,0.6,115860.0,129640.0,3.6,909.0,1748992.0,1.0,96.0
10.0,5.0,2358.0,209.0,174.0,2.8,1.6,74757.0,36749.0,2.5,498.0,1053219.0,1.0,88.0
2.0,1.0,710.0,40.0,41.0,0.2,0.2,2913.0,18830.0,1.0,684.0,1039054.0,1.0,97.0
8.0,5.0,2119.0,175.0,110.0,0.6,1.0,73746.0,40532.0,2.4,147.0,1531090.0,1.0,89.0
5.0,0.0,2895.0,173.0,181.0,1.0,0.6,63003.0,143471.0,2.2,298.0,1025753.0,1.0,87.0
1.0,1.0,1937.0,127.0,85.0,0.4,1.0,47917.0,30954.0,1.2,142.0,1013344.0,1.0,95.0
3.0,0.0,1105.0,190.0,113.0,0.8,0.8,22845.0,123327.0,1.6,129.0,1725212.0,1.0,91.0
2.0,1.0,1117.0,107.0,68.0,0.4,0.2,36318.0,29286.0,1.0,663.0,1069317.0,1.0,96.0
1.0,0.0,1816.0,155.0,99.0,0.8,1.0,44286.0,56277.0,1.0,1259.0,1048148.0,1.0,90.0
0.0,0.0,3516.0,149.0,194.0,0.6,0.2,200474.0,399631.0,2.2,155.0,1365594.0,1.0,92.0
2.0,0.0,4178.0,252.0,175.0,0.8,1.4,136384.0,89683.0,2.6,4554.0,1404134.0,1.0,89.0
15.0,3.0,3760.0,718.0,501.0,4.0,3.0,378705.0,122879.0,5.6,2921.0,1602693.0,1.0,77.0
66.0,7.0,4211.0,248.0,156.0,2.2,3.0,440557.0,88892.0,3.8,531.0,1515758.0,1.0,84.0
0.0,0.0,1313.0,96.0,42.0,0.4,2.2,370096.0,44139.0,1.4,6675.0,1825160.0,1.0,93.0
58.0,73.0,4483.0,795.0,436.0,1.4,2.8,124437.0,16244.0,3.8,373.0,1536698.0,1.0,77.0
5.0,0.0,1315.0,160.0,103.0,1.0,1.4,277782.0,69561.0,1.0,152.0,1086868.0,1.0,88.0
28.0,10.0,4126.0,456.0,315.0,5.41,10.02,607622.0,400752.0,5.5,124.0,1003078.0,1.0,55.0
1.0,0.0,1380.0,58.0,61.0,0.2,0.2,54217.0,79770.0,2.0,4671.0,1726971.0,1.0,95.0
12.0,2.0,7402.0,1453.0,1388.0,4.59,1.4,1239896.0,1176112.0,1.5,808.0,1057677.0,1.0,69.0
0.0,0.0,183.0,38.0,21.0,0.2,0.2,255771.0,228527.0,2.8,3652.0,1819990.0,1.0,97.0
13.0,11.0,2756.0,371.0,195.0,1.8,0.8,1317864.0,988960.0,1.3,572.0,1014926.0,1.0,83.0
14.0,2.0,4725.0,247.0,161.0,10.62,33.87,464922.0,45701.0,1.0,174.0,1090443.0,1.0,58.0
1.0,0.0,4611.0,353.0,201.0,0.6,0.8,37316.0,207873.0,1.0,238.0,997613.0,1.0,87.0
5.0,1.0,1379.0,213.0,99.0,3.4,2.0,808034.0,27835.0,2.6,8208.0,1833008.0,1.0,87.0
4.0,0.0,2070.0,348.0,325.0,0.6,0.8,224711.0,209477.0,3.8,588.0,1047591.0,1.0,91.0
28.0,40.0,3238.0,201.0,126.0,0.8,0.6,19199.0,48924.0,3.4,182.0,1113214.0,1.0,89.0
2.0,1.0,1307.0,97.0,36.0,0.2,0.2,11207.0,22764.0,1.4,4621.0,1828408.0,1.0,96.0
2.0,2.0,1935.0,280.0,274.0,0.4,1.4,57186.0,32631.0,1.7,552.0,1045416.0,1.0,93.0
39.0,35.0,4535.0,431.0,217.0,1.8,3.79,460699.0,84909.0,3.6,247.0,1031990.0,1.0,77.0
16.0,0.0,4343.0,189.0,200.0,5.2,3.2,114332.0,129891.0,4.2,2785.0,1647862.0,1.0,84.0
11.0,2.0,2434.0,123.0,111.0,0.8,0.8,49585.0,46772.0,2.0,237.0,1051034.0,1.0,90.0
8.0,2.0,4089.0,280.0,160.0,2.79,2.79,227209.0,17217.0,3.4,1356.0,1443235.0,1.0,82.0
3.0,0.0,724.0,43.0,13.0,2.81,3.01,88088.0,19214.0,1.4,11780.0,1890676.0,1.0,86.0
15.0,18.0,565.0,45.0,40.0,2.2,2.2,62897.0,142595.0,1.2,5538.0,1842536.0,1.0,87.0
10.0,8.0,1964.0,157.0,85.0,1.2,2.4,115996.0,27543.0,3.5,310.0,1065315.0,1.0,83.0
3.0,2.0,2879.0,229.0,150.0,0.4,0.6,20915.0,78528.0,1.6,471.0,996451.0,1.0,93.0
6.0,1.0,1052.0,63.0,85.0,0.4,0.4,29462.0,29507.0,2.0,377.0,1059522.0,1.0,96.0
9.0,0.0,2561.0,298.0,88.0,2.81,4.41,191532.0,22154.0,1.6,116.0,1108486.0,1.0,84.0
5.0,0.0,2452.0,173.0,139.0,2.0,2.0,49625.0,39763.0,2.6,663.0,1727416.0,1.0,91.0
6.0,0.0,1464.0,85.0,50.0,6.0,18.4,7508.0,8182.0,2.0,139.0,1751994.0,1.0,86.0
9.0,1.0,2989.0,232.0,200.0,1.4,1.0,118874.0,122222.0,1.4,624.0,1001170.0,1.0,86.0
19.0,0.0,3154.0,302.0,120.0,6.0,5.6,231905.0,45438.0,1.7,135.0,1054933.0,1.0,77.0
3.0,1.0,357.0,27.0,14.0,1.8,1.8,44160.0,13197.0,1.0,7793.0,1868872.0,1.0,92.0
1.0,0.0,300.0,55.0,46.0,0.4,0.4,17409.0,269144.0,1.2,221.0,1726970.0,1.0,94.0
1.0,0.0,1095.0,196.0,94.0,1.0,1.6,323860.0,227922.0,4.4,1246.0,1601501.0,1.0,90.0
37.0,48.0,495.0,63.0,21.0,2.19,2.19,268983.0,32654.0,1.4,11471.0,1873924.0,1.0,88.0
14.0,1.0,2900.0,240.0,211.0,3.0,1.2,165946.0,51916.0,2.8,3309.0,1547917.0,1.0,90.0
8.0,3.0,864.0,260.0,132.0,1.2,5.2,1965524.0,1801623.0,177.0,91.0,9.0,1.0,0.0
0.0,0.0,758.0,74.0,51.0,0.2,0.2,88227.0,26902.0,2.4,3135.0,1707978.0,1.0,95.0
1.0,0.0,319.0,44.0,37.0,0.2,0.2,89517.0,23455.0,3.2,1019.0,1716581.0,1.0,98.0
7.0,0.0,4049.0,230.0,144.0,7.0,18.8,148937.0,40161.0,2.2,251.0,1086152.0,1.0,73.0
17.0,2.0,4377.0,348.0,263.0,4.0,2.4,248105.0,159199.0,5.0,397.0,1070579.0,1.0,75.0
5.0,0.0,2900.0,393.0,270.0,4.2,3.0,452681.0,38764.0,3.5,568.0,1122034.0,1.0,81.0
16.0,24.0,288.0,68.0,40.0,0.4,0.6,229547.0,216569.0,2.4,3570.0,1822072.0,1.0,93.0
10.0,9.0,3884.0,295.0,136.0,1.4,4.6,110300.0,59845.0,6.0,2912.0,1600592.0,1.0,89.0
0.0,0.0,1463.0,112.0,100.0,0.2,0.2,60598.0,58822.0,1.2,151.0,1750994.0,1.0,94.0
31.0,25.0,1942.0,182.0,124.0,1.0,1.0,345184.0,103592.0,3.2,9684.0,1373666.0,1.0,88.0
48.0,68.0,3283.0,134.0,125.0,0.4,0.4,33832.0,23626.0,1.0,461.0,1129531.0,1.0,89.0
8.0,0.0,2896.0,438.0,400.0,8.2,2.0,238898.0,25251.0,2.2,7384.0,1874275.0,1.0,79.0
24.0,28.0,807.0,148.0,59.0,3.8,3.8,337841.0,209579.0,2.8,3809.0,1811477.0,1.0,83.0
1.0,0.0,1338.0,77.0,75.0,0.6,3.4,86591.0,15400.0,2.2,3308.0,1709498.0,1.0,98.0
1.0,1.0,192.0,13.0,23.0,0.2,0.2,7000.0,15797.0,1.6,7394.0,1861860.0,1.0,98.0
1.0,0.0,841.0,49.0,52.0,0.8,1.4,2567.0,27968.0,1.0,7750.0,1879542.0,1.0,94.0
19.0,24.0,873.0,110.0,99.0,2.2,1.0,110991.0,25644.0,1.8,1024.0,1762342.0,1.0,87.0
8.0,6.0,1385.0,126.0,82.0,0.4,0.4,96745.0,48870.0,2.0,727.0,1035279.0,1.0,95.0
10.0,7.0,1696.0,133.0,109.0,1.8,2.59,104247.0,20545.0,2.4,207.0,1063586.0,1.0,91.0
3.0,1.0,1651.0,162.0,121.0,0.2,0.2,40386.0,45588.0,1.0,154.0,966001.0,1.0,86.0
42.0,60.0,1112.0,87.0,68.0,0.2,0.2,80519.0,61557.0,1.3,469.0,979336.0,1.0,93.0
17.0,13.0,3587.0,342.0,223.0,2.81,4.01,509515.0,315743.0,2.0,189.0,1040996.0,1.0,80.0
2.0,1.0,1827.0,65.0,88.0,0.4,0.2,4487.0,8828.0,1.4,689.0,1752789.0,1.0,94.0
35.0,51.0,4707.0,870.0,741.0,2.6,1.0,649581.0,548667.0,1.0,741.0,1118274.0,1.0,80.0
10.0,1.0,3851.0,489.0,415.0,7.8,2.2,371419.0,94611.0,2.0,8226.0,1835470.0,1.0,72.0
3.0,0.0,2522.0,167.0,111.0,0.8,0.4,30475.0,141122.0,1.0,322.0,1128417.0,1.0,88.0
4.0,4.0,489.0,57.0,31.0,0.6,0.6,267780.0,21380.0,1.4,7638.0,1870000.0,1.0,95.0
169.0,186.0,3660.0,405.0,197.0,0.6,0.8,32957.0,25578.0,1.5,1195.0,1133937.0,1.0,86.0
45.0,61.0,4430.0,149.0,116.0,0.6,0.6,537881.0,50416.0,1.8,112.0,1012219.0,1.0,79.0
52.0,70.0,1699.0,125.0,106.0,0.2,0.2,6046.0,26711.0,1.8,536.0,977066.0,1.0,95.0
15.0,8.0,3268.0,448.0,387.0,6.01,2.2,226097.0,90644.0,1.5,477.0,968228.0,1.0,77.0
9.0,2.0,2004.0,131.0,96.0,1.6,1.6,203406.0,80867.0,2.6,1017.0,1539797.0,1.0,90.0
1.0,1.0,149.0,12.0,14.0,0.2,0.2,8142.0,11981.0,1.0,8622.0,1868232.0,1.0,99.0
11.0,2.0,596.0,65.0,76.0,0.8,0.8,25733.0,19067.0,1.2,189.0,1746907.0,1.0,94.0
6.0,0.0,5077.0,462.0,404.0,5.4,1.8,180837.0,225321.0,1.2,157.0,1006085.0,1.0,75.0
0.0,0.0,221.0,22.0,23.0,0.2,0.2,7212.0,12680.0,1.0,7447.0,1865839.0,1.0,98.0
1.0,1.0,4923.0,221.0,239.0,0.8,2.4,9833.0,244241.0,1.5,231.0,1001451.0,1.0,85.0
49.0,60.0,3182.0,298.0,66.0,1.4,1.4,162976.0,97779.0,3.6,157.0,1621664.0,1.0,88.0
9.0,3.0,2374.0,164.0,141.0,1.0,2.4,14453.0,122037.0,1.5,301.0,1061539.0,1.0,91.0
3.0,1.0,572.0,120.0,31.0,2.8,2.8,90781.0,61249.0,1.2,5759.0,1847078.0,1.0,86.0
2.0,1.0,1185.0,70.0,63.0,0.4,1.8,23241.0,32553.0,2.0,377.0,1533190.0,1.0,95.0
7.0,4.0,2794.0,168.0,109.0,0.2,0.2,405323.0,185677.0,4.8,413.0,1596082.0,1.0,95.0
2.0,2.0,223.0,14.0,16.0,0.2,0.2,7619.0,8803.0,1.0,6813.0,1827768.0,1.0,98.0
17.0,2.0,2614.0,208.0,113.0,0.6,1.8,560315.0,22349.0,1.8,608.0,1103864.0,1.0,87.0
27.0,33.0,2254.0,132.0,132.0,3.19,1.6,60873.0,74996.0,1.8,167.0,1723071.0,1.0,86.0
16.0,2.0,5937.0,760.0,527.0,8.02,3.41,253970.0,146319.0,2.0,515.0,1000834.0,1.0,65.0
0.0,0.0,347.0,29.0,25.0,0.4,0.4,19254.0,12714.0,1.8,994.0,1765360.0,1.0,92.0
15.0,1.0,3140.0,216.0,158.0,13.2,34.0,290917.0,67225.0,1.0,364.0,1080395.0,1.0,65.0
21.0,18.0,718.0,43.0,47.0,3.39,3.39,92375.0,78566.0,1.6,6210.0,1848837.0,1.0,85.0
1.0,0.0,297.0,35.0,28.0,0.2,0.2,938.0,5213.0,2.0,160.0,1710048.0,1.0,97.0
4.0,0.0,3843.0,574.0,530.0,4.2,1.2,381660.0,302440.0,2.5,164.0,1004674.0,1.0,82.0
23.0,33.0,765.0,78.0,50.0,0.2,0.2,177869.0,46901.0,3.0,145.0,1037312.0,1.0,95.0
3.0,2.0,1435.0,183.0,116.0,0.6,0.4,96056.0,18798.0,1.6,1231.0,1133731.0,1.0,91.0
74.0,49.0,2688.0,176.0,103.0,11.0,32.2,57714.0,38484.0,7.0,314.0,1096333.0,1.0,69.0
6.0,0.0,4513.0,278.0,170.0,1.2,3.0,192102.0,71682.0,1.0,514.0,1076918.0,1.0,87.0
3.0,2.0,1858.0,95.0,87.0,0.2,0.2,6700.0,52668.0,2.0,3174.0,1657160.0,1.0,95.0
2.0,1.0,1494.0,137.0,101.0,0.4,0.6,3222.0,17991.0,1.0,162.0,1100578.0,1.0,94.0
94.0,91.0,3302.0,370.0,149.0,0.8,2.59,303202.0,60139.0,1.2,174.0,1126315.0,1.0,85.0
3.0,0.0,5026.0,603.0,161.0,2.6,4.0,115599.0,207586.0,2.6,269.0,1017270.0,1.0,82.0
143.0,81.0,682.0,144.0,167.0,0.2,0.2,86750.0,138284.0,2.0,1756.0,1762155.0,1.0,95.0
9.0,0.0,3319.0,507.0,432.0,8.78,2.4,423006.0,26076.0,3.6,1526.0,1773533.0,1.0,75.0
2.0,1.0,1429.0,123.0,63.0,0.2,0.2,154718.0,45755.0,1.0,171.0,1056115.0,1.0,88.0
3.0,1.0,472.0,36.0,41.0,1.6,1.6,49324.0,97117.0,1.0,5287.0,1836260.0,1.0,90.0
46.0,62.0,1299.0,155.0,138.0,2.0,1.4,56106.0,32993.0,1.5,2632.0,1017843.0,1.0,91.0
21.0,13.0,6610.0,260.0,191.0,1.4,5.59,256986.0,72968.0,1.2,243.0,1003382.0,1.0,77.0
25.0,22.0,5511.0,398.0,245.0,2.6,2.4,124777.0,90042.0,1.5,428.0,1000051.0,1.0,74.0
2.0,1.0,2695.0,252.0,200.0,0.4,0.4,118741.0,87008.0,2.0,233.0,1018211.0,1.0,89.0
299.0,186.0,2326.0,148.0,88.0,3.4,3.4,418189.0,131463.0,4.6,2343.0,1730554.0,1.0,83.0
1.0,0.0,2659.0,171.0,139.0,0.4,0.4,15534.0,19898.0,2.6,1724.0,1409158.0,1.0,91.0
4.0,1.0,584.0,59.0,25.0,0.6,0.8,141156.0,13629.0,2.4,6287.0,1725046.0,1.0,96.0
4.0,0.0,4652.0,762.0,692.0,2.8,1.4,602266.0,574167.0,4.4,461.0,1095811.0,1.0,79.0
1.0,0.0,158.0,16.0,22.0,0.2,0.2,23640.0,27403.0,2.2,3684.0,1822544.0,1.0,98.0
26.0,39.0,1681.0,99.0,152.0,0.2,0.2,5788.0,102550.0,3.0,391.0,1061328.0,1.0,93.0
23.0,18.0,2182.0,379.0,133.0,0.6,0.4,594823.0,503069.0,910.0,82.0,17.0,1.0,0.0
89.0,53.0,2558.0,211.0,189.0,0.6,1.0,215246.0,121020.0,990.0,84.0,16.0,1.0,0.0
5.0,1.0,3202.0,283.0,234.0,3.0,3.0,88712.0,58154.0,3.0,164.0,1108459.0,1.0,84.0
1.0,0.0,2642.0,153.0,123.0,0.2,0.2,7778.0,87361.0,1.3,1287.0,1072240.0,1.0,93.0
38.0,28.0,3514.0,87.0,70.0,2.0,2.8,33738.0,46921.0,2.2,3372.0,1657336.0,1.0,87.0
20.0,8.0,2277.0,314.0,133.0,2.6,3.6,118925.0,40369.0,2.8,952.0,1533365.0,1.0,86.0
23.0,13.0,1379.0,99.0,90.0,0.4,0.4,41732.0,84195.0,2.4,213.0,1719302.0,1.0,96.0
2.0,1.0,214.0,34.0,21.0,0.2,0.2,171366.0,14386.0,1.2,7734.0,1882150.0,1.0,99.0
1.0,0.0,1012.0,247.0,137.0,0.2,0.2,49962.0,40693.0,3.4,427.0,1061962.0,1.0,93.0
15.0,9.0,3412.0,498.0,247.0,1.8,1.2,438647.0,144470.0,5.2,452.0,1298973.0,1.0,77.0
4.0,1.0,2356.0,250.0,74.0,0.8,0.4,348950.0,17696.0,2.0,2550.0,1016749.0,1.0,90.0
8.0,4.0,3313.0,332.0,135.0,0.6,0.6,1195810.0,56297.0,3.4,168.0,1092554.0,1.0,86.0
1.0,1.0,771.0,39.0,79.0,0.2,0.2,13227.0,26071.0,1.0,1834.0,1074840.0,1.0,95.0
7.0,2.0,1605.0,189.0,150.0,2.59,4.18,233699.0,128372.0,1.0,135.0,1034875.0,1.0,82.0
10.0,7.0,2944.0,444.0,218.0,1.99,1.79,283744.0,202504.0,2.0,157.0,1022185.0,1.0,84.0
3.0,3.0,3179.0,242.0,121.0,0.8,1.4,406678.0,40100.0,1.3,426.0,1007173.0,1.0,90.0
18.0,2.0,3726.0,444.0,224.0,5.0,3.2,202871.0,62296.0,1.5,161.0,1075733.0,1.0,80.0
2.0,0.0,697.0,89.0,79.0,1.8,0.6,38828.0,2388.0,1.0,6622.0,1873187.0,1.0,94.0
10.0,7.0,1354.0,145.0,89.0,2.0,4.2,369367.0,162606.0,5.8,265.0,1595098.0,1.0,88.0
2.0,0.0,2486.0,284.0,256.0,2.6,4.8,134314.0,55197.0,4.0,245.0,1055248.0,1.0,88.0
3.0,0.0,2881.0,164.0,361.0,2.2,4.2,32995.0,180178.0,1.6,1258.0,1055720.0,1.0,85.0
39.0,54.0,1682.0,129.0,97.0,0.2,0.2,48078.0,29929.0,2.4,1017.0,1071213.0,1.0,92.0
0.0,0.0,2927.0,140.0,132.0,0.2,0.2,3375.0,195292.0,2.2,217.0,1383510.0,1.0,93.0
8.0,2.0,2259.0,139.0,92.0,1.2,6.41,178051.0,27909.0,2.0,270.0,1130600.0,1.0,84.0
54.0,5.0,2288.0,217.0,183.0,0.8,0.8,143018.0,79772.0,3.0,1391.0,1532322.0,1.0,93.0
3.0,1.0,388.0,31.0,24.0,1.6,1.6,49659.0,58793.0,1.0,7544.0,1861499.0,1.0,90.0
24.0,35.0,751.0,89.0,62.0,0.2,0.2,89416.0,20160.0,1.0,405.0,1009161.0,1.0,94.0
24.0,1.0,3656.0,306.0,243.0,4.0,6.4,272195.0,70513.0,9.0,310.0,1301122.0,1.0,76.0
0.0,0.0,431.0,88.0,54.0,0.2,0.2,193433.0,6067.0,3.0,687.0,1700786.0,1.0,96.0
100.0,31.0,5548.0,694.0,543.0,8.0,3.0,386186.0,112809.0,1.0,591.0,1020440.0,1.0,57.0
49.0,64.0,2339.0,224.0,77.0,2.6,3.0,221330.0,25672.0,2.6,160.0,1107094.0,1.0,86.0
5.0,0.0,2053.0,297.0,504.0,4.0,3.0,58759.0,55921.0,3.0,733.0,1703618.0,1.0,85.0
95.0,79.0,1856.0,228.0,152.0,3.0,3.0,133141.0,44174.0,1.0,149.0,977054.0,1.0,83.0
21.0,20.0,1949.0,232.0,153.0,0.2,0.2,17171.0,29878.0,1.0,508.0,1070658.0,1.0,91.0
20.0,13.0,2046.0,230.0,144.0,1.6,2.99,198910.0,62811.0,1.3,1102.0,1126978.0,1.0,84.0
30.0,43.0,1721.0,153.0,120.0,0.8,0.8,24277.0,27695.0,1.8,382.0,977513.0,1.0,90.0
26.0,7.0,6351.0,373.0,266.0,4.8,4.0,103110.0,17879.0,8.2,181.0,1300654.0,1.0,66.0
0.0,0.0,455.0,65.0,32.0,0.2,0.2,16881.0,7823.0,1.0,218.0,1756128.0,1.0,98.0
77.0,85.0,3678.0,486.0,170.0,5.8,6.0,483047.0,256999.0,4.4,2213.0,1575354.0,1.0,73.0
40.0,10.0,7969.0,450.0,283.0,8.6,17.6,297948.0,79757.0,6.6,2397.0,1372435.0,1.0,56.0
2.0,0.0,834.0,68.0,72.0,1.4,1.6,7242.0,17194.0,3.6,573.0,1048361.0,1.0,94.0
62.0,77.0,4386.0,399.0,275.0,3.8,1.6,151336.0,30028.0,4.6,860.0,1395843.0,1.0,83.0
4.0,0.0,2533.0,122.0,116.0,0.8,3.2,99537.0,100130.0,4.0,2942.0,1531818.0,1.0,90.0
1.0,1.0,2428.0,191.0,96.0,0.2,0.2,22571.0,24071.0,2.0,842.0,1383738.0,1.0,93.0
4.0,0.0,2306.0,146.0,41.0,3.8,4.6,353240.0,40932.0,3.8,2911.0,1799469.0,1.0,73.0
2.0,1.0,243.0,27.0,28.0,0.2,0.2,1676.0,5507.0,1.0,7302.0,1861143.0,1.0,97.0
19.0,27.0,370.0,81.0,27.0,0.2,0.2,431388.0,10433.0,1.6,7241.0,1863912.0,1.0,95.0
6.0,5.0,1075.0,150.0,77.0,0.6,0.6,186329.0,20552.0,3.0,200.0,971387.0,1.0,95.0
29.0,24.0,1994.0,189.0,116.0,1.4,1.6,97492.0,40908.0,2.0,585.0,981603.0,1.0,90.0
1.0,0.0,3016.0,144.0,102.0,0.2,0.2,305394.0,11274.0,2.8,6120.0,1729688.0,1.0,93.0
17.0,13.0,3350.0,321.0,288.0,0.8,0.6,438593.0,637453.0,2.0,118.0,1028534.0,1.0,69.0
3.0,1.0,2860.0,267.0,154.0,0.4,0.8,196799.0,168812.0,1.0,278.0,1068418.0,1.0,90.0
2.0,1.0,786.0,70.0,43.0,0.4,0.4,3025.0,8770.0,1.0,1231.0,1742181.0,1.0,94.0
6.0,3.0,2514.0,161.0,140.0,1.8,3.0,216786.0,186596.0,4.8,1565.0,1615507.0,1.0,88.0
3.0,1.0,2042.0,74.0,63.0,0.4,0.4,2667.0,15224.0,1.0,1240.0,1745904.0,1.0,94.0
15.0,11.0,564.0,53.0,36.0,1.0,1.4,80003.0,38957.0,1.0,6876.0,1864968.0,1.0,94.0
5.0,4.0,1515.0,219.0,90.0,0.2,0.2,258043.0,239938.0,4.2,1911.0,1601232.0,1.0,92.0
0.0,0.0,3414.0,277.0,136.0,0.2,0.2,56625.0,33528.0,1.7,220.0,1127178.0,1.0,88.0
60.0,60.0,942.0,110.0,70.0,0.2,0.2,36442.0,28807.0,1.8,3834.0,1774080.0,1.0,89.0
0.0,0.0,1773.0,289.0,150.0,0.4,1.8,1141912.0,86538.0,1.0,413.0,1036922.0,1.0,90.0
69.0,53.0,5445.0,553.0,280.0,4.0,7.0,543318.0,461196.0,1250.0,71.0,29.0,1.0,0.0
6.0,2.0,2003.0,103.0,134.0,0.2,0.2,53400.0,16856.0,1.0,130.0,1054803.0,1.0,87.0
6.0,2.0,772.0,84.0,83.0,2.59,2.99,287951.0,221075.0,1.4,6621.0,1848714.0,1.0,83.0
5.0,0.0,1928.0,215.0,140.0,1.8,1.8,166288.0,22784.0,1.3,271.0,1056302.0,1.0,89.0
5.0,1.0,1692.0,132.0,87.0,0.4,1.8,220194.0,107031.0,2.2,2291.0,1010703.0,1.0,92.0
36.0,53.0,1730.0,158.0,151.0,1.2,4.01,31690.0,26367.0,1.2,323.0,1093624.0,1.0,90.0
7.0,0.0,609.0,98.0,48.0,1.4,1.8,77701.0,6884.0,2.4,6367.0,1712043.0,1.0,91.0
3.0,0.0,2408.0,121.0,55.0,2.6,6.6,346759.0,261168.0,3.2,4697.0,1828213.0,1.0,91.0
1.0,0.0,1616.0,156.0,60.0,0.8,0.8,78137.0,43494.0,1.2,375.0,1753667.0,1.0,92.0
14.0,5.0,3467.0,194.0,133.0,2.6,8.6,667592.0,33485.0,6.4,500.0,1360821.0,1.0,74.0
4.0,1.0,1263.0,146.0,68.0,1.0,1.8,22551.0,16237.0,1.0,621.0,1014224.0,1.0,94.0
11.0,1.0,697.0,135.0,80.0,2.4,2.8,64101.0,34394.0,2.2,6359.0,1703250.0,1.0,91.0
30.0,38.0,546.0,172.0,99.0,0.2,0.2,119648.0,135541.0,3.2,167.0,1736178.0,1.0,95.0
8.0,6.0,2848.0,163.0,146.0,0.4,1.8,21253.0,84127.0,2.8,647.0,1645072.0,1.0,91.0
155.0,136.0,4579.0,354.0,215.0,4.2,8.4,391100.0,262676.0,5.0,209.0,1333910.0,1.0,83.0
0.0,0.0,253.0,17.0,25.0,0.4,0.4,1467.0,6983.0,1.0,7548.0,1870237.0,1.0,98.0
47.0,36.0,1401.0,140.0,112.0,1.79,3.17,113759.0,41443.0,2.0,269.0,982138.0,1.0,90.0
1.0,0.0,1894.0,122.0,68.0,0.2,0.2,62039.0,23810.0,1.7,201.0,1003520.0,1.0,93.0
4.0,2.0,2445.0,156.0,147.0,0.6,2.0,48871.0,82323.0,1.3,305.0,1011376.0,1.0,89.0
10.0,1.0,2691.0,267.0,237.0,3.6,1.2,121579.0,50442.0,1.3,374.0,1003082.0,1.0,84.0
6.0,2.0,1244.0,95.0,91.0,1.2,2.0,96987.0,79947.0,2.2,220.0,1537019.0,1.0,93.0
9.0,7.0,919.0,61.0,63.0,0.6,0.4,23544.0,42471.0,2.2,506.0,1532699.0,1.0,96.0
9.0,1.0,1239.0,95.0,73.0,0.6,0.8,44883.0,18876.0,3.0,336.0,1058588.0,1.0,94.0
0.0,0.0,881.0,94.0,45.0,0.2,0.2,2389.0,18464.0,1.0,685.0,1731202.0,1.0,96.0
0.0,0.0,183.0,26.0,25.0,0.2,0.2,552.0,6790.0,1.0,431.0,1753792.0,1.0,98.0
21.0,3.0,4275.0,370.0,163.0,2.59,2.2,869526.0,17545.0,4.4,956.0,1462379.0,1.0,83.0
2.0,1.0,756.0,23.0,20.0,0.2,0.2,10505.0,4454.0,1.0,4602.0,1828424.0,1.0,98.0
17.0,24.0,807.0,47.0,65.0,0.4,0.4,2688.0,13620.0,1.5,701.0,1037450.0,1.0,93.0
22.0,30.0,239.0,24.0,32.0,0.2,0.2,16918.0,31674.0,1.6,2179.0,1776491.0,1.0,90.0
8.0,2.0,3907.0,359.0,271.0,4.8,1.4,164803.0,29992.0,2.6,288.0,1709192.0,1.0,83.0
1.0,0.0,1634.0,151.0,66.0,0.2,0.2,212436.0,200402.0,4.8,2524.0,1604440.0,1.0,94.0
2.0,0.0,2030.0,252.0,85.0,0.6,1.8,1031241.0,18973.0,2.6,249.0,1095673.0,1.0,90.0
156.0,143.0,6244.0,466.0,338.0,4.6,2.4,434226.0,246409.0,4.8,145.0,1325832.0,1.0,73.0
29.0,15.0,4571.0,564.0,440.0,7.0,3.6,228363.0,43176.0,3.2,766.0,1446157.0,1.0,76.0
2.0,2.0,1177.0,105.0,146.0,0.4,0.4,98413.0,390064.0,2.0,120.0,1380834.0,1.0,88.0
76.0,2.0,5422.0,253.0,299.0,1.2,2.2,177270.0,562666.0,1.0,452.0,999261.0,1.0,77.0
121.0,112.0,5068.0,438.0,338.0,4.6,1.6,287559.0,161177.0,3.8,4462.0,1335558.0,1.0,77.0
1.0,0.0,3341.0,132.0,200.0,2.4,5.0,191162.0,459666.0,2.2,855.0,1038861.0,1.0,84.0
8.0,1.0,4276.0,516.0,445.0,4.8,2.0,173748.0,105083.0,3.2,316.0,1033651.0,1.0,74.0
83.0,68.0,5019.0,529.0,453.0,11.98,19.56,259917.0,42539.0,5.8,233.0,1091556.0,1.0,53.0
21.0,4.0,5077.0,748.0,763.0,10.8,7.4,387795.0,50254.0,3.0,2541.0,1734995.0,1.0,60.0
10.0,4.0,1244.0,77.0,83.0,1.2,3.0,169377.0,48731.0,3.0,914.0,1513603.0,1.0,90.0
41.0,59.0,1532.0,137.0,137.0,1.0,2.4,58358.0,50384.0,2.0,464.0,1131266.0,1.0,88.0
2.0,1.0,214.0,10.0,14.0,0.2,0.2,9873.0,44773.0,1.0,7731.0,1866403.0,1.0,98.0
21.0,29.0,282.0,45.0,15.0,0.2,0.2,263872.0,15322.0,1.6,7862.0,1872056.0,1.0,96.0
2.0,1.0,1027.0,159.0,113.0,0.2,0.2,12193.0,86190.0,2.8,1974.0,1538989.0,1.0,94.0
14.0,7.0,1495.0,197.0,169.0,0.8,1.0,10304.0,24435.0,2.4,186.0,974392.0,1.0,91.0
1.0,0.0,494.0,129.0,125.0,0.2,0.2,2538.0,14811.0,2.0,3135.0,1707992.0,1.0,97.0
2.0,1.0,2020.0,136.0,71.0,0.4,0.4,299684.0,9213.0,1.0,1086.0,1743760.0,1.0,93.0
14.0,12.0,6140.0,319.0,203.0,0.8,0.8,151498.0,233048.0,3.8,841.0,999741.0,1.0,81.0
11.0,10.0,1429.0,104.0,77.0,0.8,2.4,29048.0,26115.0,1.0,1036.0,1086347.0,1.0,91.0
13.0,6.0,2845.0,225.0,119.0,5.0,6.6,343010.0,48285.0,2.2,526.0,1007958.0,1.0,76.0
0.0,0.0,2967.0,185.0,126.0,0.4,0.6,19246.0,50729.0,1.4,244.0,1127214.0,1.0,91.0
1.0,0.0,857.0,106.0,65.0,1.0,1.2,187708.0,39359.0,2.8,373.0,1051851.0,1.0,89.0
48.0,1.0,3217.0,190.0,95.0,11.8,33.8,249106.0,33453.0,1.2,197.0,1095115.0,1.0,63.0
6.0,2.0,1665.0,83.0,117.0,1.0,1.0,49351.0,102448.0,3.6,812.0,1523256.0,1.0,94.0
1.0,1.0,1771.0,111.0,95.0,0.4,0.4,121779.0,26856.0,1.5,234.0,1020744.0,1.0,93.0
47.0,27.0,3614.0,297.0,224.0,2.4,9.6,268558.0,149443.0,6.2,334.0,1315598.0,1.0,75.0
7.0,2.0,2956.0,295.0,274.0,1.6,1.4,702714.0,635175.0,1790.0,83.0,16.0,1.0,0.0
7.0,2.0,1611.0,67.0,81.0,0.6,0.6,31076.0,37271.0,522.0,95.0,5.0,1.0,0.0
15.0,1.0,3625.0,268.0,130.0,11.2,32.4,140512.0,48992.0,1.0,379.0,1086331.0,1.0,65.0
1.0,1.0,1563.0,91.0,74.0,0.2,0.2,18554.0,16897.0,4.2,1402.0,1075176.0,1.0,93.0
2.0,0.0,3584.0,137.0,89.0,0.6,0.8,113087.0,83996.0,3.2,703.0,1015262.0,1.0,88.0
8.0,0.0,2928.0,495.0,380.0,6.8,1.8,468904.0,99160.0,5.2,1534.0,1755962.0,1.0,79.0
22.0,4.0,3111.0,177.0,131.0,1.8,2.2,123060.0,53761.0,1.5,969.0,1077584.0,1.0,87.0
83.0,96.0,3389.0,407.0,293.0,2.6,2.8,855090.0,269362.0,3.8,2937.0,1652590.0,1.0,77.0
6.0,1.0,1390.0,78.0,95.0,0.2,0.2,30162.0,17666.0,1.5,132.0,1055062.0,1.0,89.0
152.0,149.0,3297.0,262.0,224.0,1.0,0.6,69750.0,136002.0,3.0,326.0,1079545.0,1.0,85.0
32.0,45.0,5180.0,254.0,179.0,1.2,1.2,62571.0,29505.0,5.6,141.0,1022458.0,1.0,83.0
21.0,1.0,3336.0,598.0,572.0,3.0,2.0,587782.0,464470.0,1.8,509.0,1066181.0,1.0,85.0
7.0,0.0,3826.0,270.0,255.0,7.41,21.44,121829.0,110094.0,1.0,302.0,1093433.0,1.0,72.0
2.0,0.0,2941.0,214.0,118.0,1.2,3.0,20216.0,9736.0,2.8,1107.0,1403693.0,1.0,90.0
1.0,0.0,535.0,36.0,61.0,0.4,0.4,1068.0,38349.0,1.0,5962.0,1864144.0,1.0,96.0
5.0,3.0,838.0,71.0,56.0,2.4,5.4,10837.0,11095.0,2.4,146.0,1720134.0,1.0,92.0
8.0,1.0,8648.0,1697.0,1545.0,5.2,1.4,1597281.0,1092606.0,1.0,598.0,1093806.0,1.0,62.0
2.0,0.0,5192.0,326.0,228.0,0.6,0.8,267945.0,92218.0,2.2,472.0,1005806.0,1.0,84.0
6.0,0.0,1973.0,323.0,267.0,5.6,1.6,382504.0,212283.0,3.2,3657.0,1819877.0,1.0,85.0
13.0,0.0,3327.0,197.0,96.0,11.6,34.8,30830.0,68500.0,1.0,1594.0,1093397.0,1.0,63.0
1.0,0.0,2638.0,148.0,126.0,0.2,0.2,292436.0,17005.0,2.0,2493.0,1700475.0,1.0,94.0
1.0,1.0,262.0,49.0,13.0,0.2,0.2,36285.0,9884.0,1.8,7914.0,1869864.0,1.0,98.0
4.0,3.0,1357.0,150.0,107.0,0.4,0.6,44343.0,61464.0,1.5,139.0,1008875.0,1.0,92.0
4.0,0.0,418.0,30.0,29.0,0.8,1.0,3959.0,10679.0,2.4,6355.0,1702592.0,1.0,96.0
23.0,34.0,461.0,63.0,45.0,0.4,0.6,322640.0,150635.0,1.6,6805.0,1842576.0,1.0,92.0
62.0,77.0,2892.0,164.0,100.0,3.4,5.0,158542.0,45853.0,3.5,258.0,1019354.0,1.0,80.0
0.0,0.0,159.0,9.0,10.0,0.2,0.2,682.0,7433.0,1.0,1849.0,1777844.0,1.0,97.0
0.0,0.0,239.0,44.0,33.0,0.2,0.2,248037.0,108579.0,1.0,5759.0,1856667.0,1.0,95.0
2.0,0.0,668.0,51.0,129.0,0.6,0.6,7239.0,28933.0,2.6,1183.0,1718032.0,1.0,94.0
5.0,4.0,2718.0,265.0,190.0,0.2,0.2,146000.0,94479.0,1.2,243.0,982323.0,1.0,90.0
20.0,24.0,1267.0,213.0,169.0,3.2,1.0,391564.0,267529.0,3.0,3657.0,1819818.0,1.0,89.0
2.0,0.0,704.0,111.0,56.0,0.2,0.2,4696.0,9190.0,2.0,5847.0,1720984.0,1.0,96.0
28.0,23.0,6465.0,408.0,177.0,4.2,5.0,454491.0,41075.0,2.8,437.0,999322.0,1.0,72.0
13.0,3.0,2486.0,136.0,111.0,1.2,2.6,93047.0,17950.0,2.2,150.0,1053270.0,1.0,90.0
32.0,20.0,2872.0,460.0,230.0,0.8,1.0,554538.0,518043.0,2.2,264.0,1036653.0,1.0,85.0
23.0,15.0,4420.0,229.0,168.0,1.6,10.4,86381.0,69422.0,7.8,153.0,1292285.0,1.0,78.0
24.0,16.0,3737.0,332.0,254.0,3.8,2.6,290677.0,33078.0,1.5,170.0,981816.0,1.0,81.0
2.0,1.0,302.0,14.0,19.0,0.6,2.6,26099.0,50493.0,1.2,7742.0,1870256.0,1.0,97.0
40.0,26.0,6636.0,1144.0,313.0,10.22,18.84,2134529.0,184935.0,2.3,245.0,1098398.0,1.0,52.0
14.0,13.0,3398.0,511.0,103.0,2.2,2.2,125593.0,29286.0,1.0,138.0,1081218.0,1.0,84.0
0.0,0.0,325.0,122.0,41.0,0.2,0.2,213523.0,167029.0,3.4,952.0,1753448.0,1.0,98.0
4.0,0.0,2335.0,330.0,256.0,1.0,1.0,149954.0,52374.0,1.0,157.0,1100803.0,1.0,88.0
12.0,5.0,2405.0,182.0,129.0,0.6,2.0,146138.0,38456.0,2.8,475.0,988678.0,1.0,86.0
1.0,0.0,4351.0,296.0,149.0,1.0,3.19,472345.0,30765.0,2.0,583.0,1116706.0,1.0,86.0
3.0,0.0,601.0,65.0,41.0,3.0,4.4,114968.0,36935.0,1.4,2582.0,1820523.0,1.0,82.0
1.0,1.0,171.0,16.0,15.0,0.2,0.2,7578.0,2380.0,2.0,9865.0,1873443.0,1.0,98.0
11.0,7.0,683.0,44.0,53.0,2.8,2.8,80340.0,144685.0,1.8,5247.0,1842926.0,1.0,88.0
4.0,1.0,263.0,37.0,32.0,0.4,0.6,892.0,11250.0,2.0,6368.0,1711616.0,1.0,98.0
3.0,2.0,910.0,96.0,96.0,0.6,2.0,8324.0,17686.0,2.8,3025.0,1013448.0,1.0,97.0
1.0,0.0,944.0,110.0,77.0,0.4,0.2,8785.0,20711.0,1.0,778.0,1020872.0,1.0,94.0
7.0,4.0,3676.0,307.0,178.0,0.4,0.8,979176.0,51971.0,1.0,116.0,985454.0,1.0,77.0
5.0,0.0,850.0,145.0,69.0,0.4,0.4,604037.0,25686.0,3.8,2948.0,1768731.0,1.0,74.0
21.0,1.0,4721.0,566.0,460.0,7.2,2.4,473996.0,89664.0,6.4,857.0,1529090.0,1.0,69.0
3.0,0.0,2031.0,104.0,90.0,0.4,1.6,6882.0,32301.0,1.0,595.0,1021051.0,1.0,94.0
199.0,186.0,7625.0,779.0,485.0,3.4,3.6,292564.0,190527.0,3.4,154.0,1337360.0,1.0,73.0
0.0,0.0,374.0,73.0,45.0,0.2,0.2,176823.0,35778.0,3.2,948.0,1716074.0,1.0,97.0
2.0,1.0,3358.0,282.0,126.0,0.2,0.2,808678.0,39710.0,3.0,360.0,1452310.0,1.0,91.0
20.0,4.0,2936.0,268.0,226.0,1.0,1.2,180342.0,61887.0,1.3,175.0,966192.0,1.0,78.0
7.0,7.0,3572.0,241.0,189.0,0.8,2.2,448266.0,258824.0,6.2,2044.0,1640795.0,1.0,83.0
7.0,4.0,3338.0,734.0,110.0,1.0,1.4,2408325.0,41666.0,1.7,2443.0,1088307.0,1.0,85.0
1.0,0.0,402.0,46.0,41.0,0.2,0.2,1567.0,10318.0,2.2,859.0,1720144.0,1.0,97.0
1.0,0.0,2272.0,155.0,81.0,0.6,0.6,270726.0,52765.0,1.4,644.0,1020297.0,1.0,90.0
22.0,16.0,2205.0,196.0,100.0,1.2,1.2,303093.0,74007.0,3.2,530.0,1512482.0,1.0,87.0
2.0,1.0,467.0,77.0,100.0,0.6,0.4,56431.0,37651.0,1.0,264.0,1744410.0,1.0,96.0
2.0,0.0,362.0,30.0,34.0,1.6,1.6,44893.0,35162.0,1.4,2467.0,1817001.0,1.0,86.0
12.0,5.0,3351.0,162.0,122.0,6.21,17.84,59099.0,39632.0,1.5,527.0,1105538.0,1.0,75.0
8.0,1.0,2071.0,125.0,86.0,6.4,18.6,71609.0,38177.0,1.0,137.0,1076886.0,1.0,81.0
10.0,5.0,2287.0,404.0,193.0,1.0,2.2,608764.0,628562.0,471.0,92.0,8.0,1.0,0.0
23.0,33.0,203.0,26.0,21.0,0.2,0.2,15807.0,16332.0,1.0,2642.0,1771504.0,1.0,96.0
19.0,24.0,3265.0,112.0,102.0,0.2,0.2,5403.0,28241.0,1.4,484.0,1739008.0,1.0,92.0
8.0,3.0,3942.0,702.0,244.0,1.0,0.8,463837.0,166875.0,6.6,159.0,1295243.0,1.0,83.0
4.0,3.0,1500.0,100.0,104.0,0.4,1.4,9224.0,28250.0,1.0,440.0,1045754.0,1.0,94.0
189.0,205.0,3091.0,345.0,158.0,1.2,5.39,1158330.0,49191.0,1.8,134.0,1091347.0,1.0,77.0
0.0,0.0,3657.0,230.0,131.0,0.4,0.6,350733.0,241407.0,5.4,1594.0,1615850.0,1.0,92.0
12.0,5.0,3886.0,545.0,309.0,5.0,6.2,1517447.0,1023435.0,3.2,3636.0,1038083.0,1.0,72.0
3.0,1.0,561.0,83.0,26.0,1.4,1.4,511866.0,34420.0,2.6,367.0,1797285.0,1.0,80.0
37.0,4.0,3499.0,388.0,117.0,4.19,5.99,288035.0,14367.0,4.2,766.0,1305325.0,1.0,80.0
11.0,0.0,4575.0,643.0,547.0,8.78,2.4,261177.0,27758.0,1.0,763.0,1020744.0,1.0,70.0
3.0,0.0,1192.0,127.0,108.0,1.8,0.6,77466.0,32241.0,2.0,634.0,1068851.0,1.0,93.0
21.0,29.0,1670.0,28.0,49.0,0.2,0.2,19096.0,28284.0,2.4,124.0,1759971.0,1.0,93.0
53.0,61.0,4087.0,256.0,176.0,7.8,22.0,119035.0,43429.0,1.8,334.0,1086571.0,1.0,68.0
16.0,2.0,4734.0,576.0,492.0,14.12,20.28,246735.0,20236.0,1.5,189.0,1102007.0,1.0,57.0
18.0,15.0,1467.0,185.0,103.0,0.8,0.8,134239.0,129551.0,4.4,1496.0,1602899.0,1.0,93.0
0.0,0.0,1179.0,83.0,171.0,0.2,0.2,38433.0,24002.0,3.2,180.0,1710194.0,1.0,97.0
62.0,79.0,3705.0,451.0,262.0,5.2,1.6,545099.0,24655.0,1.0,298.0,980144.0,1.0,79.0
0.0,0.0,802.0,28.0,31.0,0.2,0.2,4235.0,54696.0,1.0,6799.0,1853384.0,1.0,98.0
19.0,29.0,4577.0,140.0,85.0,0.2,0.2,618181.0,101628.0,2.0,109.0,1760770.0,1.0,79.0
5.0,0.0,1329.0,122.0,81.0,1.0,1.6,121397.0,21232.0,3.0,286.0,973730.0,1.0,91.0
15.0,14.0,2423.0,566.0,248.0,0.2,0.2,649934.0,653520.0,1.8,430.0,1044971.0,1.0,91.0
23.0,13.0,2766.0,146.0,118.0,1.4,1.4,167712.0,54865.0,2.8,8013.0,1385042.0,1.0,89.0
7.0,1.0,1692.0,118.0,76.0,6.4,18.8,1062718.0,22681.0,2.5,168.0,1087544.0,1.0,77.0
3.0,1.0,1581.0,232.0,175.0,0.4,1.8,108075.0,127030.0,2.0,414.0,1019966.0,1.0,90.0
95.0,39.0,3847.0,323.0,263.0,0.8,0.8,306175.0,83615.0,3.0,221.0,1037619.0,1.0,84.0
3.0,0.0,1543.0,155.0,133.0,0.4,0.4,321630.0,35751.0,2.7,253.0,1057774.0,1.0,90.0
70.0,83.0,2171.0,247.0,138.0,1.4,9.58,299118.0,152053.0,9.0,347.0,1318009.0,1.0,79.0
1.0,0.0,1745.0,99.0,62.0,0.6,0.6,172724.0,9196.0,2.6,779.0,1750693.0,1.0,88.0
5.0,0.0,1799.0,203.0,131.0,2.4,1.2,439266.0,15923.0,3.0,712.0,1066889.0,1.0,91.0
9.0,0.0,1356.0,176.0,89.0,1.2,1.4,642889.0,434490.0,406.0,88.0,12.0,1.0,0.0
4.0,2.0,2229.0,105.0,99.0,0.2,0.2,115209.0,66791.0,2.4,1336.0,1396776.0,1.0,95.0
114.0,100.0,2969.0,224.0,151.0,7.41,18.64,136034.0,84091.0,1.3,130.0,1074519.0,1.0,67.0
12.0,5.0,6127.0,434.0,401.0,6.6,5.2,239634.0,289980.0,3.8,249.0,1372461.0,1.0,67.0
0.0,0.0,341.0,90.0,49.0,0.2,0.2,120762.0,118827.0,3.0,1240.0,1751693.0,1.0,96.0
6.0,1.0,2214.0,308.0,213.0,3.61,5.01,918058.0,137988.0,1.0,281.0,1038023.0,1.0,81.0
17.0,2.0,4486.0,522.0,421.0,6.37,3.98,271927.0,89228.0,1.0,346.0,1085103.0,1.0,75.0
16.0,4.0,4141.0,390.0,297.0,3.4,3.0,380212.0,155145.0,5.0,205.0,1325754.0,1.0,74.0
81.0,77.0,1443.0,123.0,81.0,2.4,3.41,204489.0,20241.0,1.7,1208.0,965715.0,1.0,81.0
2.0,1.0,207.0,12.0,12.0,0.4,0.4,24104.0,7829.0,1.0,8585.0,1862052.0,1.0,98.0
4.0,0.0,4182.0,383.0,239.0,2.2,1.6,556305.0,413659.0,1.8,3443.0,1041373.0,1.0,86.0
4.0,0.0,187.0,11.0,16.0,0.4,0.4,433.0,11308.0,1.2,8227.0,1860893.0,1.0,97.0
10.0,8.0,1942.0,232.0,253.0,0.6,0.6,101588.0,204344.0,120.0,87.0,13.0,1.0,0.0
1.0,0.0,2953.0,198.0,125.0,0.2,0.2,7411.0,56754.0,2.0,551.0,1628800.0,1.0,94.0
0.0,0.0,164.0,8.0,28.0,0.2,0.2,2061.0,29064.0,1.0,7351.0,1874424.0,1.0,99.0
0.0,0.0,216.0,32.0,27.0,0.2,0.2,3001.0,23146.0,1.0,925.0,1742603.0,1.0,98.0
5.0,2.0,1928.0,222.0,126.0,1.0,0.6,21098.0,49694.0,1.5,2105.0,1070438.0,1.0,91.0
71.0,95.0,1799.0,188.0,93.0,1.0,2.8,664266.0,115590.0,2.2,1950.0,1004462.0,1.0,88.0
11.0,0.0,2113.0,134.0,90.0,5.8,14.6,1040960.0,40672.0,2.4,395.0,1084862.0,1.0,72.0
48.0,59.0,1137.0,157.0,91.0,0.8,0.8,130417.0,123332.0,4.2,2524.0,1575485.0,1.0,93.0
15.0,13.0,1900.0,275.0,127.0,0.8,1.2,390344.0,33013.0,1.2,132.0,1085112.0,1.0,89.0
2.0,1.0,313.0,33.0,28.0,0.6,0.6,172272.0,26701.0,1.4,6748.0,1865980.0,1.0,95.0
1.0,0.0,7657.0,253.0,208.0,0.2,0.2,98585.0,54427.0,1.3,591.0,1077248.0,1.0,87.0
60.0,73.0,3005.0,131.0,96.0,2.0,1.8,47890.0,31396.0,4.2,133.0,1016803.0,1.0,85.0
5.0,0.0,2500.0,251.0,347.0,3.4,1.0,97385.0,28939.0,3.4,2016.0,1719568.0,1.0,87.0
5.0,0.0,2155.0,251.0,237.0,1.8,0.6,230371.0,192375.0,2.4,4980.0,1671573.0,1.0,90.0
1.0,0.0,1773.0,98.0,121.0,0.4,0.4,48938.0,29183.0,4.0,150.0,1053547.0,1.0,92.0
4.0,1.0,210.0,13.0,19.0,0.4,1.0,9889.0,18407.0,1.0,6578.0,1851074.0,1.0,96.0
10.0,5.0,2767.0,302.0,228.0,0.2,0.2,77857.0,97525.0,1.5,1322.0,1114163.0,1.0,85.0
1.0,0.0,356.0,31.0,31.0,1.8,1.8,44217.0,20023.0,1.0,7303.0,1849827.0,1.0,91.0
32.0,44.0,4496.0,572.0,466.0,0.2,0.2,35864.0,43328.0,1.0,203.0,1016794.0,1.0,86.0
6.0,5.0,3402.0,106.0,99.0,0.6,0.6,23385.0,58740.0,1.7,326.0,989523.0,1.0,91.0
13.0,0.0,3936.0,303.0,130.0,10.4,30.8,179414.0,54004.0,1.0,209.0,1077893.0,1.0,65.0
3.0,2.0,1872.0,114.0,94.0,0.2,0.2,93509.0,29910.0,1.0,874.0,1054637.0,1.0,95.0
1.0,0.0,1532.0,83.0,74.0,0.2,0.2,88312.0,26448.0,2.2,1167.0,1742472.0,1.0,90.0
0.0,0.0,160.0,17.0,14.0,0.2,0.2,2535.0,5991.0,1.2,8073.0,1834968.0,1.0,98.0
6.0,2.0,988.0,63.0,50.0,1.4,1.0,6632.0,31804.0,2.2,1619.0,1538554.0,1.0,95.0
1.0,0.0,1057.0,206.0,43.0,0.4,0.4,944834.0,7872.0,4.0,487.0,1702920.0,1.0,92.0
3.0,2.0,1346.0,76.0,63.0,0.8,1.0,87027.0,23039.0,3.0,1681.0,1008840.0,1.0,93.0
3.0,0.0,1997.0,257.0,160.0,2.6,0.8,540001.0,106074.0,4.8,1468.0,1756045.0,1.0,87.0
0.0,0.0,458.0,63.0,15.0,0.4,0.4,107375.0,3819.0,1.6,7307.0,1861728.0,1.0,96.0
0.0,0.0,1418.0,66.0,65.0,0.2,0.2,9536.0,22884.0,2.2,181.0,1085774.0,1.0,95.0
3.0,0.0,1284.0,107.0,95.0,3.2,9.6,72827.0,24856.0,2.8,132.0,1753125.0,1.0,91.0
9.0,6.0,1408.0,147.0,111.0,0.8,0.8,94565.0,20446.0,1.4,1994.0,969677.0,1.0,92.0
8.0,6.0,496.0,72.0,67.0,0.8,2.0,58479.0,49585.0,2.0,207.0,1719907.0,1.0,93.0
6.0,1.0,5074.0,324.0,205.0,2.4,7.2,531727.0,88764.0,1.0,177.0,1088126.0,1.0,80.0
7.0,2.0,4133.0,222.0,154.0,1.4,1.4,15783.0,9833.0,2.8,1297.0,1523251.0,1.0,85.0
18.0,15.0,3448.0,173.0,118.0,0.4,0.4,35249.0,49677.0,5.0,169.0,1519323.0,1.0,91.0
41.0,56.0,1349.0,84.0,55.0,1.19,4.97,110507.0,21563.0,1.0,181.0,1018360.0,1.0,91.0
2.0,0.0,629.0,139.0,54.0,0.4,0.8,261274.0,6739.0,2.6,5874.0,1721307.0,1.0,96.0
1.0,0.0,894.0,56.0,70.0,1.4,1.6,33141.0,95468.0,2.2,4345.0,1782467.0,1.0,87.0
60.0,3.0,3491.0,480.0,354.0,4.6,2.0,627230.0,42192.0,1.8,213.0,1025504.0,1.0,78.0
2.0,1.0,420.0,93.0,30.0,0.8,1.0,206743.0,111335.0,3.4,1761.0,1758696.0,1.0,94.0
7.0,5.0,5673.0,346.0,264.0,0.4,0.4,158597.0,252957.0,1.0,621.0,1009584.0,1.0,80.0
2.0,1.0,608.0,182.0,73.0,0.2,0.4,59059.0,25554.0,2.0,437.0,1742504.0,1.0,88.0
9.0,5.0,3769.0,283.0,189.0,0.6,0.6,15260.0,63227.0,1.0,507.0,1128370.0,1.0,88.0
12.0,2.0,2610.0,232.0,152.0,3.8,2.2,152811.0,76289.0,6.2,2567.0,1555021.0,1.0,86.0
14.0,8.0,5089.0,232.0,176.0,2.6,10.4,412560.0,370166.0,5.0,127.0,1376259.0,1.0,71.0
27.0,17.0,3766.0,271.0,218.0,3.4,2.4,238375.0,91801.0,5.6,3744.0,1548725.0,1.0,81.0
0.0,0.0,4182.0,245.0,145.0,0.2,0.2,24077.0,22389.0,1.0,152.0,1137411.0,1.0,88.0
18.0,26.0,188.0,27.0,18.0,0.2,0.2,82883.0,9349.0,1.6,9241.0,1867598.0,1.0,97.0
75.0,32.0,1442.0,166.0,163.0,0.4,0.4,392078.0,277539.0,3.8,251.0,1597281.0,1.0,86.0
78.0,94.0,3863.0,148.0,123.0,11.22,32.26,74522.0,27955.0,1.3,530.0,1095466.0,1.0,66.0
1.0,0.0,1369.0,143.0,113.0,0.4,0.4,320935.0,50526.0,1.0,507.0,1117390.0,1.0,92.0
1.0,0.0,2259.0,159.0,130.0,0.2,0.2,8720.0,12054.0,4.2,6679.0,1410040.0,1.0,95.0
1.0,1.0,283.0,46.0,39.0,0.2,0.2,22876.0,9102.0,1.2,7197.0,1847022.0,1.0,97.0
14.0,3.0,3990.0,409.0,213.0,1.4,3.2,477907.0,58581.0,5.8,3488.0,1540136.0,1.0,83.0
1.0,0.0,238.0,31.0,24.0,0.2,0.2,19037.0,5086.0,2.0,585.0,1710952.0,1.0,96.0
18.0,16.0,5396.0,303.0,149.0,0.8,2.2,986318.0,36593.0,2.5,608.0,1009339.0,1.0,88.0
21.0,13.0,5070.0,465.0,418.0,7.6,15.4,188568.0,166592.0,1.5,136.0,1090643.0,1.0,66.0
4.0,2.0,674.0,79.0,49.0,2.6,2.6,191341.0,147817.0,1.2,5280.0,1838771.0,1.0,87.0
1.0,1.0,610.0,46.0,43.0,0.2,0.2,10408.0,28520.0,1.0,276.0,1750955.0,1.0,97.0
164.0,18.0,4432.0,573.0,222.0,5.99,8.58,386448.0,38136.0,2.2,132.0,972691.0,1.0,58.0
1.0,0.0,645.0,120.0,69.0,0.4,0.6,301469.0,183147.0,3.4,1092.0,1728875.0,1.0,94.0
12.0,16.0,220.0,17.0,21.0,0.2,0.2,20943.0,16792.0,1.0,7425.0,1866435.0,1.0,97.0
7.0,0.0,4197.0,627.0,498.0,5.59,2.0,274637.0,141793.0,1.8,161.0,980552.0,1.0,77.0
20.0,27.0,1101.0,107.0,32.0,0.8,1.2,44885.0,12600.0,1.0,8246.0,1859824.0,1.0,95.0
5.0,1.0,1308.0,209.0,167.0,3.4,1.0,354691.0,23277.0,1.6,7649.0,1878550.0,1.0,91.0
2.0,0.0,1417.0,58.0,73.0,0.4,0.4,10453.0,25846.0,1.5,229.0,1081544.0,1.0,93.0
1.0,0.0,1493.0,118.0,45.0,0.2,0.2,466559.0,7214.0,1.0,1059.0,1746774.0,1.0,95.0
3.0,2.0,2490.0,325.0,227.0,0.6,2.2,211769.0,308763.0,2.2,410.0,1381683.0,1.0,89.0
46.0,0.0,4677.0,212.0,131.0,11.4,34.2,441971.0,35914.0,2.8,211.0,1107467.0,1.0,58.0
5.0,0.0,2392.0,234.0,182.0,1.4,1.6,352015.0,308529.0,2.0,123.0,1057613.0,1.0,85.0
16.0,3.0,2926.0,157.0,123.0,2.4,7.6,212406.0,28189.0,3.8,725.0,1317494.0,1.0,80.0
8.0,7.0,1658.0,141.0,80.0,0.6,1.0,147920.0,20071.0,3.0,557.0,996139.0,1.0,88.0
0.0,0.0,172.0,14.0,12.0,0.2,0.2,579.0,5428.0,1.0,1857.0,1784970.0,1.0,98.0
13.0,10.0,1660.0,453.0,154.0,0.4,0.6,661738.0,654478.0,603.0,93.0,7.0,1.0,0.0
2.0,2.0,3072.0,225.0,236.0,0.2,0.2,82909.0,498611.0,1.6,659.0,1031766.0,1.0,87.0
2.0,1.0,1681.0,155.0,35.0,0.6,3.0,22775.0,27131.0,1.4,8192.0,1836408.0,1.0,96.0
34.0,34.0,2883.0,447.0,396.0,7.78,2.0,225955.0,20663.0,3.2,260.0,1734611.0,1.0,73.0
5.0,1.0,611.0,75.0,69.0,2.99,2.59,314508.0,47666.0,1.6,2093.0,1813919.0,1.0,81.0
1.0,0.0,3297.0,407.0,225.0,0.8,1.0,226064.0,117799.0,3.0,195.0,1113811.0,1.0,85.0
0.0,0.0,1512.0,106.0,119.0,0.2,0.2,114263.0,69327.0,3.2,337.0,1703808.0,1.0,90.0
1.0,0.0,756.0,53.0,34.0,0.8,0.8,20042.0,23249.0,1.0,1185.0,1745314.0,1.0,94.0
19.0,28.0,454.0,198.0,62.0,0.2,0.2,328739.0,239199.0,2.2,1537.0,1746402.0,1.0,95.0
5.0,0.0,1550.0,124.0,196.0,1.8,3.2,142782.0,434355.0,1.8,1407.0,1041555.0,1.0,86.0
6.0,0.0,1930.0,275.0,233.0,5.8,1.6,130635.0,21141.0,2.8,6342.0,1864230.0,1.0,85.0
14.0,2.0,3770.0,339.0,231.0,1.0,1.2,410959.0,94864.0,4.4,153.0,1529242.0,1.0,85.0
2.0,0.0,2486.0,145.0,83.0,1.4,2.2,105868.0,32939.0,1.3,129.0,1101853.0,1.0,88.0
23.0,29.0,415.0,34.0,56.0,0.2,0.2,28673.0,57303.0,1.2,2212.0,1772588.0,1.0,93.0
34.0,17.0,2758.0,241.0,156.0,3.39,4.39,106233.0,27403.0,1.6,1816.0,966362.0,1.0,81.0
10.0,6.0,2502.0,226.0,83.0,0.8,1.6,319639.0,286931.0,3.2,3079.0,1345570.0,1.0,95.0
3.0,2.0,397.0,52.0,56.0,0.4,0.4,9250.0,5433.0,3.2,173.0,1704123.0,1.0,95.0
2.0,0.0,1139.0,118.0,60.0,0.6,0.6,157977.0,42773.0,2.4,4565.0,1731554.0,1.0,93.0
12.0,2.0,621.0,98.0,44.0,0.4,0.4,399046.0,11578.0,3.2,273.0,1736120.0,1.0,90.0
4.0,0.0,1805.0,151.0,143.0,2.0,0.6,102862.0,78396.0,2.4,4755.0,1726893.0,1.0,90.0
48.0,65.0,1199.0,101.0,69.0,0.6,0.6,86306.0,24924.0,616.0,90.0,10.0,1.0,0.0
34.0,50.0,2599.0,207.0,80.0,0.6,0.4,510208.0,4578.0,2.0,987.0,1402938.0,1.0,88.0
3.0,0.0,513.0,52.0,61.0,0.6,0.6,5028.0,38652.0,1.5,373.0,1091149.0,1.0,97.0
10.0,9.0,906.0,93.0,62.0,0.2,0.2,7332.0,23635.0,1.0,1628.0,1081958.0,1.0,96.0
12.0,3.0,2088.0,162.0,96.0,5.0,3.2,28417.0,253115.0,3.2,345.0,1538939.0,1.0,83.0
4.0,3.0,3282.0,257.0,187.0,0.8,0.8,64145.0,281762.0,2.8,134.0,1010344.0,1.0,88.0
0.0,0.0,658.0,51.0,47.0,0.2,0.2,4331.0,8920.0,2.0,3140.0,1707714.0,1.0,98.0
2.0,1.0,1148.0,21.0,30.0,0.4,0.8,8675.0,6147.0,1.0,4918.0,1829331.0,1.0,97.0
0.0,0.0,1939.0,108.0,92.0,0.2,0.2,11959.0,114457.0,3.2,545.0,1643384.0,1.0,93.0
14.0,7.0,1943.0,90.0,95.0,1.6,3.2,19687.0,11116.0,2.8,777.0,1398755.0,1.0,86.0
2.0,0.0,535.0,58.0,30.0,2.0,2.0,143526.0,45830.0,1.6,11497.0,1881234.0,1.0,86.0
0.0,0.0,171.0,19.0,22.0,0.2,0.2,456.0,7345.0,1.2,7346.0,1865486.0,1.0,98.0
1.0,0.0,993.0,82.0,88.0,0.2,0.2,4533.0,23992.0,2.0,132.0,1066410.0,1.0,97.0
13.0,0.0,1603.0,131.0,81.0,2.0,2.79,339713.0,35013.0,2.6,1439.0,1543773.0,1.0,89.0
0.0,0.0,221.0,31.0,31.0,0.2,0.2,15128.0,19723.0,1.0,661.0,1734496.0,1.0,96.0
5.0,4.0,2857.0,282.0,159.0,0.4,0.6,238603.0,64868.0,1.0,427.0,1108354.0,1.0,87.0
14.0,3.0,4871.0,280.0,185.0,3.6,2.4,370904.0,50113.0,3.6,214.0,1626373.0,1.0,82.0
5.0,1.0,2143.0,134.0,91.0,0.8,0.6,17593.0,26145.0,1.4,547.0,1103411.0,1.0,89.0
88.0,47.0,3382.0,347.0,220.0,7.39,18.56,360144.0,142694.0,1.0,497.0,1102534.0,1.0,67.0
3.0,1.0,3085.0,306.0,153.0,0.4,0.4,142703.0,32976.0,1.7,575.0,1076379.0,1.0,90.0
11.0,6.0,719.0,61.0,43.0,1.2,1.8,13076.0,15236.0,259.0,94.0,6.0,1.0,0.0
21.0,14.0,2023.0,154.0,106.0,6.2,17.2,54172.0,31468.0,2.7,660.0,1101168.0,1.0,76.0
7.0,0.0,1596.0,148.0,71.0,1.4,1.4,25499.0,12712.0,2.4,5735.0,1730274.0,1.0,91.0
7.0,3.0,2933.0,494.0,317.0,4.0,2.8,704923.0,70100.0,2.0,624.0,1122808.0,1.0,80.0
1.0,0.0,419.0,23.0,15.0,1.4,8.4,54345.0,15243.0,2.8,3716.0,1821034.0,1.0,96.0
20.0,14.0,1878.0,168.0,100.0,5.19,15.17,347685.0,38846.0,3.2,189.0,1105273.0,1.0,77.0
24.0,36.0,3436.0,162.0,101.0,0.2,0.2,43117.0,21185.0,3.2,180.0,1714208.0,1.0,92.0
2.0,0.0,842.0,166.0,201.0,0.4,0.8,847117.0,522561.0,3.4,177.0,1753610.0,1.0,77.0
17.0,6.0,973.0,128.0,56.0,1.0,1.2,567287.0,27588.0,180.0,90.0,9.0,1.0,0.0
3.0,2.0,1178.0,107.0,79.0,0.4,1.8,14852.0,28976.0,1.0,236.0,1003650.0,1.0,95.0
2.0,0.0,306.0,43.0,38.0,0.4,1.4,845.0,10232.0,2.0,6381.0,1711666.0,1.0,97.0
7.0,2.0,3364.0,281.0,173.0,2.0,2.2,126358.0,32396.0,1.2,334.0,1012155.0,1.0,83.0
171.0,22.0,2935.0,235.0,275.0,0.2,0.2,90618.0,314006.0,2.8,187.0,1329400.0,1.0,92.0
2.0,1.0,221.0,38.0,26.0,0.2,0.2,87720.0,6324.0,1.2,7364.0,1861736.0,1.0,97.0
47.0,67.0,1998.0,114.0,79.0,0.6,0.8,245939.0,36888.0,2.4,568.0,1533883.0,1.0,92.0
1.0,1.0,1016.0,65.0,49.0,0.2,0.2,60794.0,38169.0,2.0,569.0,1032410.0,1.0,93.0
38.0,25.0,2538.0,305.0,314.0,1.2,2.6,724260.0,778799.0,1.0,129.0,1021626.0,1.0,70.0
11.0,3.0,1012.0,122.0,85.0,0.6,0.8,194793.0,28034.0,1.7,212.0,1026517.0,1.0,93.0
1.0,0.0,1276.0,29.0,31.0,0.6,4.2,47728.0,9473.0,2.2,4590.0,1829136.0,1.0,97.0
15.0,10.0,4620.0,345.0,500.0,0.8,1.2,128085.0,72013.0,2.8,447.0,1049379.0,1.0,85.0
14.0,3.0,512.0,28.0,27.0,1.4,1.6,82639.0,11864.0,1.0,7240.0,1847587.0,1.0,95.0
2.0,0.0,1010.0,63.0,59.0,0.8,0.4,18045.0,14704.0,2.0,2174.0,1720634.0,1.0,96.0
6.0,5.0,1892.0,136.0,109.0,1.6,2.0,622687.0,114823.0,1.0,242.0,987955.0,1.0,77.0
35.0,7.0,2362.0,261.0,156.0,3.8,3.8,151582.0,72259.0,1.0,188.0,1070666.0,1.0,82.0
5.0,4.0,2207.0,178.0,98.0,1.0,2.2,34542.0,25834.0,2.2,1111.0,1128755.0,1.0,89.0
4.0,2.0,1819.0,118.0,223.0,0.2,0.2,111430.0,579085.0,1.8,1520.0,1041522.0,1.0,89.0
1.0,1.0,912.0,47.0,39.0,0.4,1.8,9071.0,14411.0,2.2,1121.0,1718784.0,1.0,95.0
17.0,1.0,3603.0,148.0,123.0,13.37,35.53,63275.0,32649.0,1.0,263.0,1076239.0,1.0,62.0
6.0,4.0,815.0,66.0,40.0,0.8,2.2,15458.0,19199.0,2.2,519.0,997528.0,1.0,93.0
6.0,2.0,5057.0,189.0,209.0,0.8,1.4,275465.0,490861.0,3.6,141.0,1006825.0,1.0,72.0
0.0,0.0,204.0,23.0,31.0,0.2,0.2,8121.0,8267.0,1.0,5204.0,1860792.0,1.0,97.0
1.0,0.0,4685.0,252.0,275.0,0.2,0.2,15340.0,159534.0,1.0,599.0,1058715.0,1.0,87.0
3.0,1.0,6994.0,554.0,242.0,1.2,1.6,1060802.0,495513.0,3.2,130.0,1008538.0,1.0,72.0
2.0,0.0,2443.0,213.0,120.0,0.2,0.2,304797.0,217049.0,3.2,1166.0,1729090.0,1.0,92.0
8.0,2.0,2766.0,266.0,204.0,6.41,4.01,146608.0,55637.0,1.6,175.0,987902.0,1.0,82.0
15.0,20.0,774.0,59.0,65.0,0.4,0.8,55367.0,45091.0,3.0,1782.0,1074698.0,1.0,93.0
27.0,39.0,4342.0,477.0,324.0,0.4,0.6,105608.0,97979.0,2.0,1185.0,1082117.0,1.0,85.0
4.0,1.0,2727.0,232.0,132.0,0.8,2.4,10052.0,25310.0,1.0,147.0,983053.0,1.0,92.0
42.0,60.0,2663.0,199.0,123.0,1.0,2.0,271197.0,145550.0,2.8,239.0,989875.0,1.0,88.0
1.0,1.0,1603.0,54.0,60.0,0.2,0.2,59769.0,30942.0,1.0,281.0,1751058.0,1.0,96.0
7.0,1.0,2092.0,123.0,153.0,1.2,2.0,246048.0,441796.0,3.2,172.0,1378574.0,1.0,86.0
33.0,47.0,2060.0,143.0,113.0,0.2,0.2,93686.0,28812.0,1.8,288.0,1012149.0,1.0,92.0
0.0,0.0,1311.0,99.0,72.0,0.2,0.2,7261.0,23751.0,2.2,323.0,1118797.0,1.0,93.0
17.0,3.0,2542.0,176.0,106.0,3.6,8.8,51858.0,26836.0,6.2,202.0,1111174.0,1.0,82.0
19.0,29.0,2161.0,80.0,108.0,0.2,0.2,3948.0,12262.0,2.4,1361.0,1723224.0,1.0,94.0
1.0,0.0,226.0,12.0,25.0,0.4,0.4,441.0,13364.0,1.0,7645.0,1869835.0,1.0,97.0
20.0,13.0,3304.0,369.0,137.0,3.81,5.41,751052.0,214921.0,2.0,194.0,1008276.0,1.0,79.0
71.0,34.0,4680.0,605.0,425.0,6.2,1.8,413769.0,77475.0,4.5,482.0,983392.0,1.0,75.0
28.0,7.0,2915.0,409.0,343.0,10.18,4.79,291094.0,55552.0,4.0,1461.0,1770421.0,1.0,63.0
68.0,84.0,5676.0,656.0,172.0,0.2,0.2,665462.0,468208.0,1.0,576.0,999928.0,1.0,79.0
2.0,0.0,2949.0,213.0,108.0,1.0,1.2,603387.0,29934.0,1.4,1149.0,1044112.0,1.0,86.0
2.0,0.0,1997.0,75.0,60.0,0.2,0.2,15216.0,20451.0,4.4,694.0,1642832.0,1.0,96.0
9.0,3.0,2043.0,165.0,635.0,3.2,4.8,49093.0,177175.0,2.6,1350.0,1713138.0,1.0,82.0
1.0,0.0,1987.0,63.0,98.0,0.4,0.4,3299.0,18693.0,2.2,679.0,1720187.0,1.0,93.0
5.0,0.0,3138.0,132.0,93.0,1.2,1.8,132558.0,48767.0,1.2,284.0,1001408.0,1.0,84.0
7.0,4.0,2251.0,289.0,264.0,0.8,2.0,182660.0,29917.0,2.7,232.0,1102570.0,1.0,88.0
3.0,0.0,540.0,43.0,35.0,0.6,0.2,1700.0,23338.0,2.0,6195.0,1728032.0,1.0,97.0
9.0,7.0,1453.0,313.0,156.0,1.2,3.2,183445.0,21267.0,2.2,153.0,986941.0,1.0,90.0
6.0,5.0,1463.0,83.0,89.0,0.2,0.2,3034.0,53378.0,1.0,167.0,1128846.0,1.0,94.0
14.0,1.0,1212.0,86.0,67.0,4.6,3.4,191330.0,105806.0,4.2,1253.0,1544406.0,1.0,89.0
12.0,3.0,1615.0,168.0,101.0,1.4,1.6,140349.0,81304.0,2.4,362.0,1530742.0,1.0,92.0
20.0,2.0,3229.0,197.0,115.0,4.8,5.2,270106.0,85338.0,3.8,1491.0,1547806.0,1.0,83.0
45.0,61.0,1383.0,155.0,93.0,1.0,1.2,11530.0,33475.0,2.6,166.0,1059021.0,1.0,91.0
14.0,1.0,5004.0,650.0,545.0,8.0,4.0,708302.0,41724.0,4.4,1679.0,1696723.0,1.0,71.0
2.0,0.0,1240.0,87.0,83.0,0.4,0.6,21455.0,50048.0,679.0,93.0,7.0,1.0,0.0
34.0,49.0,481.0,46.0,40.0,0.4,1.8,4978.0,18275.0,1.0,243.0,1026964.0,1.0,96.0
9.0,1.0,2714.0,368.0,272.0,4.6,4.0,179782.0,115412.0,3.4,810.0,1541016.0,1.0,84.0
11.0,2.0,1820.0,112.0,84.0,2.6,2.2,17805.0,17394.0,1.4,558.0,1021718.0,1.0,93.0
11.0,1.0,3579.0,233.0,152.0,2.0,2.0,159831.0,134542.0,3.6,167.0,1064186.0,1.0,87.0
11.0,8.0,1392.0,68.0,56.0,0.6,0.6,6614.0,19602.0,2.2,1165.0,972803.0,1.0,96.0
39.0,56.0,1053.0,41.0,40.0,0.2,0.2,4447.0,14290.0,372.0,95.0,5.0,1.0,0.0
37.0,0.0,3486.0,312.0,132.0,8.18,23.35,885406.0,33458.0,3.2,134.0,1093019.0,1.0,68.0
28.0,19.0,2613.0,325.0,161.0,7.2,5.4,70661.0,96586.0,1.5,994.0,1007877.0,1.0,78.0
3.0,1.0,2913.0,172.0,123.0,0.4,1.8,167743.0,57484.0,2.4,2696.0,1523133.0,1.0,89.0
0.0,0.0,658.0,25.0,22.0,0.2,0.2,989.0,9206.0,1.0,284.0,1751064.0,1.0,97.0
4.0,1.0,4147.0,368.0,242.0,0.4,0.4,52481.0,108660.0,1.0,366.0,1090760.0,1.0,86.0
18.0,5.0,2148.0,302.0,182.0,3.01,4.61,1238843.0,954679.0,135.0,87.0,13.0,1.0,0.0
1.0,0.0,287.0,29.0,39.0,0.2,0.2,25343.0,35325.0,1.4,1863.0,1763816.0,1.0,90.0
1.0,1.0,301.0,43.0,32.0,0.2,0.2,20290.0,4785.0,2.2,147.0,1716640.0,1.0,98.0
0.0,0.0,877.0,212.0,88.0,0.2,0.2,250261.0,236379.0,3.2,1011.0,1753638.0,1.0,95.0
14.0,6.0,4229.0,148.0,75.0,1.8,7.0,40707.0,8863.0,2.4,10833.0,1382525.0,1.0,84.0
12.0,3.0,563.0,27.0,23.0,0.8,0.8,20028.0,13118.0,1.0,6412.0,1846159.0,1.0,96.0
58.0,62.0,6565.0,679.0,551.0,11.2,4.6,358824.0,52641.0,1.8,855.0,1054050.0,1.0,59.0
16.0,9.0,2043.0,336.0,145.0,5.79,3.99,49693.0,26578.0,1.0,649.0,1004255.0,1.0,81.0
1.0,0.0,1089.0,103.0,100.0,0.2,0.2,8045.0,51111.0,2.2,413.0,1106748.0,1.0,94.0
2.0,1.0,453.0,79.0,66.0,0.6,0.6,124108.0,134813.0,3.4,461.0,1709276.0,1.0,94.0
0.0,0.0,786.0,69.0,44.0,0.2,0.2,5189.0,25007.0,1.4,762.0,1750550.0,1.0,92.0
2.0,0.0,806.0,52.0,43.0,0.4,0.6,11892.0,22951.0,1.0,169.0,1012145.0,1.0,96.0
5.0,0.0,2277.0,100.0,111.0,0.6,3.6,51150.0,49643.0,2.0,617.0,1085829.0,1.0,92.0
5.0,5.0,1958.0,262.0,135.0,0.2,0.2,772197.0,709935.0,3.2,3411.0,1036616.0,1.0,92.0
28.0,2.0,1776.0,157.0,148.0,0.6,0.8,177035.0,91063.0,2.2,710.0,1022157.0,1.0,87.0
11.0,3.0,5387.0,362.0,355.0,2.8,2.2,298240.0,160510.0,7.0,396.0,1340256.0,1.0,77.0
2.0,1.0,1252.0,138.0,99.0,0.2,0.2,4361.0,21604.0,1.3,527.0,976144.0,1.0,95.0
5.0,0.0,3661.0,363.0,371.0,3.81,1.2,334091.0,139933.0,1.7,377.0,1036935.0,1.0,76.0
1.0,0.0,939.0,94.0,91.0,0.2,0.2,14208.0,21796.0,5.8,375.0,1054422.0,1.0,95.0
7.0,2.0,846.0,45.0,71.0,0.2,0.2,1444.0,68532.0,2.0,655.0,1077505.0,1.0,95.0
1.0,0.0,2533.0,145.0,134.0,0.6,0.6,4528.0,22579.0,2.4,509.0,1723696.0,1.0,94.0
58.0,80.0,1488.0,181.0,160.0,0.4,0.4,25955.0,31343.0,1.2,366.0,986472.0,1.0,91.0
17.0,11.0,1921.0,187.0,106.0,6.8,19.8,197311.0,20816.0,1.5,612.0,1099563.0,1.0,75.0
28.0,10.0,4615.0,126.0,98.0,2.2,5.79,41279.0,6016.0,4.0,629.0,1538887.0,1.0,78.0
1.0,0.0,3244.0,165.0,188.0,0.2,0.2,70909.0,156108.0,3.0,2892.0,1650291.0,1.0,94.0
2.0,1.0,452.0,116.0,58.0,0.4,0.4,255513.0,172909.0,2.8,4047.0,1827405.0,1.0,91.0
3.0,0.0,2428.0,209.0,140.0,0.8,0.8,279413.0,100262.0,4.0,660.0,972253.0,1.0,84.0
8.0,5.0,3281.0,366.0,155.0,2.99,4.78,389489.0,60828.0,2.2,115.0,1124140.0,1.0,79.0
5.0,2.0,2468.0,99.0,97.0,0.4,0.4,152648.0,32618.0,3.2,3414.0,1551606.0,1.0,95.0
6.0,0.0,3755.0,313.0,232.0,3.79,1.6,190407.0,88541.0,1.0,267.0,1006453.0,1.0,79.0
5.0,1.0,3187.0,374.0,224.0,2.8,2.2,213932.0,124408.0,3.8,549.0,1532930.0,1.0,83.0
14.0,8.0,2056.0,149.0,108.0,1.6,1.4,104174.0,22894.0,3.4,507.0,1396656.0,1.0,91.0
5.0,2.0,3162.0,147.0,108.0,3.0,6.4,137154.0,17985.0,4.4,2756.0,1418467.0,1.0,85.0
18.0,28.0,1214.0,41.0,36.0,0.4,0.6,35060.0,22650.0,1.0,698.0,1069582.0,1.0,92.0
9.0,1.0,2783.0,391.0,223.0,2.0,3.99,561054.0,53145.0,2.8,2783.0,1732179.0,1.0,86.0
2.0,0.0,1859.0,113.0,110.0,0.8,2.59,56120.0,49384.0,2.7,490.0,1013713.0,1.0,92.0
33.0,42.0,1366.0,84.0,82.0,0.8,0.8,168814.0,106967.0,3.0,1005.0,1540261.0,1.0,91.0
2.0,1.0,3058.0,263.0,209.0,0.4,1.8,70206.0,261401.0,1.0,128.0,1000492.0,1.0,86.0
18.0,15.0,2071.0,228.0,119.0,2.4,2.99,639252.0,37961.0,1.8,768.0,1016776.0,1.0,82.0
0.0,0.0,133.0,9.0,9.0,0.2,0.2,1287.0,4064.0,1.0,7224.0,1847200.0,1.0,98.0
54.0,70.0,4607.0,209.0,193.0,7.39,6.59,37206.0,133384.0,3.0,155.0,987796.0,1.0,71.0
82.0,49.0,2004.0,215.0,160.0,2.79,3.79,239272.0,161394.0,1.0,1257.0,999866.0,1.0,83.0
61.0,77.0,2816.0,348.0,243.0,1.6,3.4,381116.0,30220.0,1.0,200.0,1093723.0,1.0,81.0
3.0,2.0,2604.0,478.0,337.0,1.2,0.4,1288734.0,224743.0,3.0,2480.0,1094020.0,1.0,86.0
12.0,0.0,1930.0,148.0,75.0,5.2,22.0,293028.0,25681.0,1.0,166.0,1037280.0,1.0,75.0
0.0,0.0,384.0,106.0,78.0,0.2,0.2,373825.0,348459.0,2.4,1321.0,1762056.0,1.0,96.0
80.0,89.0,2360.0,231.0,184.0,2.6,1.6,234714.0,46287.0,4.6,7774.0,1365789.0,1.0,86.0
1.0,1.0,214.0,16.0,20.0,0.2,0.2,7013.0,6313.0,1.0,7246.0,1863656.0,1.0,98.0
1.0,1.0,1533.0,131.0,178.0,0.2,0.2,270299.0,208321.0,2.0,464.0,1045766.0,1.0,91.0
6.0,1.0,4010.0,486.0,243.0,1.6,0.8,433441.0,19761.0,5.6,2238.0,1370315.0,1.0,83.0
6.0,5.0,1642.0,97.0,93.0,0.2,0.2,119009.0,24558.0,404.0,93.0,7.0,1.0,0.0
5.0,0.0,3352.0,357.0,264.0,0.8,0.99,601754.0,121329.0,3.4,2822.0,1339054.0,1.0,83.0
36.0,27.0,2641.0,230.0,161.0,8.98,21.56,47204.0,29349.0,3.0,328.0,1104260.0,1.0,69.0
12.0,8.0,775.0,71.0,37.0,3.8,4.2,125517.0,40041.0,1.4,2613.0,1794333.0,1.0,79.0
0.0,0.0,2287.0,69.0,72.0,0.2,0.2,4922.0,12462.0,1.0,8353.0,1864864.0,1.0,92.0
3.0,0.0,370.0,21.0,24.0,0.8,0.8,22085.0,6406.0,2.2,1060.0,1752096.0,1.0,90.0
15.0,11.0,2599.0,277.0,234.0,3.61,2.2,133465.0,102035.0,2.0,139.0,1731732.0,1.0,85.0
1.0,1.0,971.0,43.0,51.0,0.2,0.2,103245.0,183485.0,1.4,4633.0,1827176.0,1.0,97.0
680.0,9.0,4355.0,186.0,171.0,0.2,0.2,88093.0,181024.0,2.2,572.0,1064629.0,1.0,71.0
2.0,2.0,378.0,49.0,16.0,0.2,0.2,21735.0,12519.0,1.6,8359.0,1869392.0,1.0,98.0
1.0,1.0,805.0,69.0,86.0,0.2,0.2,113062.0,253316.0,1.4,8201.0,1836408.0,1.0,94.0
28.0,40.0,182.0,9.0,15.0,0.2,0.2,2630.0,52068.0,1.0,6879.0,1861804.0,1.0,97.0
4.0,0.0,2917.0,267.0,135.0,1.8,5.19,291639.0,39035.0,1.0,173.0,1100238.0,1.0,87.0
1.0,1.0,491.0,62.0,57.0,0.2,0.2,35989.0,9102.0,2.2,1081.0,1708304.0,1.0,96.0
23.0,6.0,8353.0,468.0,375.0,6.8,8.2,229579.0,78144.0,4.6,3779.0,1347123.0,1.0,61.0
4.0,0.0,539.0,63.0,44.0,2.6,2.6,189971.0,37803.0,1.6,224.0,1815128.0,1.0,83.0
7.0,0.0,4160.0,267.0,208.0,7.2,18.0,244849.0,21467.0,3.6,149.0,1750672.0,1.0,71.0
35.0,46.0,728.0,138.0,84.0,0.2,0.2,114244.0,19674.0,1.3,971.0,1009992.0,1.0,95.0
0.0,0.0,165.0,9.0,14.0,0.2,0.2,1177.0,22413.0,1.0,7932.0,1880992.0,1.0,98.0
0.0,0.0,477.0,45.0,34.0,0.6,1.8,70352.0,5080.0,2.2,737.0,1704971.0,1.0,95.0
16.0,3.0,2012.0,154.0,151.0,2.2,4.0,104179.0,108236.0,3.2,1830.0,1531176.0,1.0,89.0
15.0,11.0,1243.0,154.0,50.0,4.0,4.0,947897.0,21624.0,2.0,3132.0,1845621.0,1.0,88.0
10.0,0.0,5002.0,450.0,228.0,5.79,5.99,98474.0,85220.0,1.8,335.0,994360.0,1.0,71.0
3.0,1.0,903.0,107.0,86.0,2.2,2.0,61943.0,151411.0,1.4,5507.0,1840805.0,1.0,90.0
11.0,11.0,3545.0,539.0,270.0,0.4,0.4,663877.0,574269.0,2.6,288.0,1044133.0,1.0,86.0
0.0,0.0,408.0,47.0,29.0,0.2,0.2,89842.0,6208.0,1.0,143.0,1749658.0,1.0,96.0
9.0,8.0,1765.0,78.0,64.0,0.8,1.4,16460.0,28646.0,1.8,1008.0,1053841.0,1.0,87.0
1.0,0.0,1467.0,108.0,85.0,1.2,2.4,6816.0,17369.0,1.5,418.0,1091789.0,1.0,90.0
0.0,0.0,4630.0,197.0,148.0,0.2,0.2,21921.0,142011.0,1.0,341.0,1013229.0,1.0,88.0
78.0,76.0,1111.0,155.0,114.0,0.8,0.6,116400.0,49458.0,1.5,376.0,1017464.0,1.0,92.0
4.0,0.0,2174.0,223.0,169.0,1.2,1.8,103138.0,87018.0,3.2,2525.0,1540277.0,1.0,90.0
19.0,17.0,3516.0,243.0,200.0,0.2,0.2,11558.0,30861.0,132.0,87.0,13.0,1.0,0.0
2.0,1.0,1424.0,149.0,63.0,2.0,4.6,335886.0,64486.0,1.4,8277.0,1837725.0,1.0,89.0
46.0,66.0,2118.0,90.0,116.0,0.4,0.4,4054.0,20486.0,2.2,540.0,1724573.0,1.0,93.0
16.0,11.0,2915.0,253.0,96.0,2.6,2.8,167969.0,85311.0,1.0,883.0,1012941.0,1.0,81.0
2.0,0.0,878.0,256.0,124.0,2.2,2.2,360331.0,385317.0,2.4,135.0,1803171.0,1.0,77.0
23.0,18.0,2996.0,257.0,265.0,1.4,1.6,170904.0,76164.0,212.0,81.0,19.0,1.0,0.0
0.0,0.0,186.0,15.0,16.0,0.2,0.2,17025.0,18527.0,1.0,2668.0,1771728.0,1.0,96.0
12.0,1.0,2459.0,229.0,198.0,4.0,2.2,170719.0,34712.0,1.8,638.0,1042656.0,1.0,86.0
0.0,0.0,180.0,16.0,21.0,0.2,0.2,32785.0,24624.0,1.0,5323.0,1859947.0,1.0,97.0
8.0,1.0,2237.0,173.0,123.0,7.8,4.4,130884.0,17590.0,1.0,665.0,1032821.0,1.0,81.0
49.0,67.0,2959.0,235.0,147.0,0.4,1.2,140615.0,130533.0,1.3,138.0,1128235.0,1.0,89.0
1.0,0.0,859.0,84.0,72.0,0.2,0.2,12240.0,28445.0,4.8,139.0,1089118.0,1.0,95.0
28.0,40.0,943.0,123.0,228.0,0.2,0.2,7320.0,618319.0,1.0,624.0,960032.0,1.0,92.0
5.0,0.0,1732.0,144.0,79.0,0.4,0.4,163239.0,11850.0,1.6,442.0,1727851.0,1.0,91.0
1.0,0.0,1253.0,47.0,47.0,0.4,0.4,29848.0,18075.0,3.2,159.0,1713203.0,1.0,96.0
8.0,0.0,4171.0,556.0,512.0,8.0,2.2,410525.0,140796.0,3.4,454.0,1757598.0,1.0,70.0
1.0,1.0,217.0,19.0,29.0,0.2,0.2,12371.0,15195.0,1.0,7255.0,1875328.0,1.0,98.0
5.0,4.0,2013.0,147.0,223.0,0.6,0.6,10939.0,521717.0,1.2,684.0,1032240.0,1.0,88.0
9.0,1.0,3007.0,418.0,378.0,7.4,2.0,458899.0,227474.0,2.2,6462.0,1845981.0,1.0,76.0
2.0,0.0,4534.0,364.0,253.0,0.4,0.4,15433.0,69407.0,1.3,554.0,1077997.0,1.0,90.0
4.0,4.0,2015.0,67.0,68.0,0.4,0.4,5027.0,16398.0,2.4,224.0,1017845.0,1.0,95.0
2.0,1.0,162.0,13.0,13.0,0.2,0.2,10981.0,13750.0,1.0,8292.0,1859920.0,1.0,98.0
32.0,31.0,603.0,76.0,64.0,2.0,1.8,112623.0,55035.0,1.2,509.0,1802803.0,1.0,85.0
8.0,1.0,2327.0,347.0,318.0,6.99,2.0,183514.0,21399.0,2.8,6117.0,1852802.0,1.0,80.0
1.0,0.0,310.0,43.0,22.0,0.8,1.0,242869.0,14502.0,1.2,7202.0,1874066.0,1.0,95.0
8.0,0.0,2661.0,400.0,353.0,8.0,2.2,189718.0,9267.0,2.2,7073.0,1859928.0,1.0,81.0
2.0,0.0,2494.0,198.0,148.0,0.2,0.2,41957.0,31916.0,3.0,247.0,1084270.0,1.0,93.0
2.0,0.0,723.0,130.0,66.0,2.2,2.2,533645.0,223278.0,2.6,2107.0,1817314.0,1.0,75.0
25.0,3.0,1643.0,338.0,266.0,1.0,0.8,361869.0,28712.0,197.0,88.0,12.0,1.0,0.0
1.0,0.0,506.0,41.0,25.0,0.4,1.4,1401.0,4161.0,2.0,1350.0,1713304.0,1.0,96.0
1.0,1.0,280.0,45.0,13.0,0.2,0.2,259511.0,5734.0,1.6,5271.0,1856600.0,1.0,97.0
41.0,1.0,3373.0,287.0,118.0,9.2,26.8,1067364.0,38192.0,3.0,159.0,1093850.0,1.0,68.0
1.0,1.0,1242.0,279.0,120.0,0.2,0.2,356664.0,349244.0,2.8,1934.0,1759984.0,1.0,95.0
2.0,1.0,1922.0,108.0,60.0,0.6,0.4,302647.0,12972.0,1.6,1014.0,1743666.0,1.0,94.0
2.0,1.0,1232.0,158.0,78.0,0.2,0.2,164699.0,137104.0,4.2,1813.0,1558149.0,1.0,96.0
26.0,5.0,5393.0,717.0,605.0,10.2,6.0,350758.0,35418.0,208.0,64.0,36.0,1.0,0.0
40.0,44.0,1491.0,111.0,84.0,2.2,6.4,166590.0,41098.0,5.6,552.0,1622781.0,1.0,89.0
2.0,0.0,2193.0,338.0,144.0,3.19,3.99,374978.0,33587.0,1.0,258.0,1099142.0,1.0,83.0
1.0,0.0,3252.0,274.0,157.0,0.2,0.2,15043.0,72970.0,2.4,936.0,1643090.0,1.0,95.0
52.0,1.0,5644.0,436.0,203.0,13.97,29.54,391968.0,28302.0,2.8,193.0,1102157.0,1.0,49.0
48.0,39.0,3596.0,398.0,288.0,2.81,4.61,449827.0,208527.0,1.6,140.0,993279.0,1.0,68.0
5.0,0.0,5210.0,783.0,276.0,4.6,5.8,266860.0,109912.0,1.2,156.0,1119058.0,1.0,69.0
4.0,0.0,898.0,94.0,63.0,1.0,1.2,51077.0,35165.0,1.0,464.0,1014270.0,1.0,93.0
3.0,0.0,2205.0,324.0,246.0,2.4,0.6,277121.0,85851.0,4.0,741.0,972250.0,1.0,86.0
6.0,2.0,1549.0,232.0,201.0,4.4,1.2,133566.0,9375.0,2.4,7948.0,1833715.0,1.0,88.0
14.0,0.0,4719.0,495.0,282.0,4.2,5.8,437927.0,35992.0,2.8,294.0,1048386.0,1.0,74.0
47.0,45.0,6735.0,288.0,182.0,2.59,7.78,157424.0,177312.0,2.6,202.0,1382053.0,1.0,72.0
2.0,0.0,667.0,131.0,141.0,1.4,4.8,2185.0,12395.0,1.0,7617.0,1879974.0,1.0,95.0
5.0,2.0,1634.0,142.0,94.0,1.99,3.59,22655.0,27631.0,2.0,915.0,1114567.0,1.0,90.0
9.0,4.0,1062.0,144.0,124.0,0.2,0.2,112770.0,63316.0,1.0,352.0,945795.0,1.0,90.0
3.0,1.0,388.0,32.0,22.0,2.0,2.0,80840.0,24148.0,1.6,7886.0,1869640.0,1.0,90.0
1.0,1.0,235.0,19.0,25.0,0.2,0.2,7848.0,12733.0,1.0,7478.0,1873331.0,1.0,98.0
1.0,0.0,1395.0,123.0,60.0,0.2,0.2,255917.0,16050.0,1.4,284.0,1745434.0,1.0,95.0
23.0,31.0,2875.0,168.0,201.0,1.6,0.8,37644.0,23857.0,2.0,863.0,1721434.0,1.0,90.0
0.0,0.0,423.0,30.0,25.0,0.2,0.2,1119.0,11172.0,3.0,1279.0,1712942.0,1.0,98.0
77.0,37.0,4517.0,636.0,586.0,2.6,2.8,197716.0,63560.0,4.6,472.0,1395994.0,1.0,78.0
5.0,3.0,2260.0,167.0,151.0,0.8,4.4,120348.0,80288.0,4.4,1470.0,1641002.0,1.0,91.0
4.0,1.0,4210.0,789.0,756.0,2.61,1.0,454987.0,396436.0,2.0,167.0,1094804.0,1.0,79.0
188.0,203.0,2150.0,153.0,121.0,6.19,16.77,38701.0,18975.0,1.0,174.0,1101199.0,1.0,78.0
1.0,0.0,878.0,93.0,88.0,0.2,0.2,16472.0,70033.0,2.0,587.0,1063984.0,1.0,95.0
24.0,8.0,4345.0,269.0,206.0,2.8,1.8,393404.0,68604.0,347.0,83.0,17.0,1.0,0.0
8.0,0.0,2418.0,364.0,325.0,7.0,2.0,197265.0,36000.0,2.2,2103.0,1768178.0,1.0,74.0
14.0,1.0,1923.0,403.0,314.0,1.8,4.0,522927.0,132931.0,3.4,514.0,1698622.0,1.0,84.0
70.0,56.0,5250.0,502.0,280.0,9.58,22.36,1454742.0,74995.0,2.0,609.0,1094462.0,1.0,56.0
2.0,0.0,2037.0,131.0,122.0,0.4,0.4,120630.0,39618.0,3.6,574.0,1049920.0,1.0,93.0
36.0,7.0,2588.0,295.0,154.0,4.0,4.8,488771.0,61496.0,1.6,2335.0,951362.0,1.0,71.0
17.0,24.0,1291.0,56.0,95.0,0.6,0.6,48614.0,414968.0,1.4,8218.0,1859254.0,1.0,92.0
0.0,0.0,189.0,42.0,29.0,0.2,0.2,252230.0,245278.0,2.4,5608.0,1835552.0,1.0,97.0
9.0,5.0,2585.0,304.0,259.0,0.8,0.8,212643.0,195632.0,828.0,88.0,12.0,1.0,0.0
11.0,6.0,1582.0,174.0,138.0,0.4,0.4,235837.0,61049.0,1.7,709.0,1114536.0,1.0,90.0
4.0,0.0,2781.0,263.0,222.0,2.6,1.2,245197.0,44762.0,1.7,2744.0,1047638.0,1.0,88.0
1.0,0.0,490.0,53.0,48.0,1.2,0.6,36794.0,7750.0,2.6,965.0,1761134.0,1.0,91.0
26.0,36.0,926.0,59.0,38.0,0.8,0.8,135371.0,42672.0,1.0,635.0,1016406.0,1.0,95.0
50.0,62.0,3443.0,468.0,327.0,5.4,3.0,178546.0,78089.0,1.3,171.0,966218.0,1.0,76.0
70.0,75.0,1764.0,290.0,152.0,1.8,3.0,363507.0,53398.0,130.0,82.0,18.0,1.0,0.0
1.0,0.0,2370.0,216.0,165.0,0.6,2.59,91492.0,123945.0,1.5,285.0,1102248.0,1.0,86.0
2.0,0.0,1592.0,107.0,65.0,0.8,0.6,29553.0,10110.0,3.2,302.0,1711082.0,1.0,93.0
50.0,62.0,1290.0,136.0,79.0,1.2,0.8,278394.0,22175.0,1.0,213.0,970344.0,1.0,91.0
0.0,0.0,401.0,58.0,47.0,0.2,0.2,1573.0,6755.0,2.2,563.0,1710728.0,1.0,97.0
11.0,3.0,4923.0,201.0,129.0,2.2,4.19,336425.0,13988.0,5.0,164.0,1312171.0,1.0,70.0
7.0,3.0,7036.0,363.0,221.0,1.8,2.4,228636.0,92387.0,3.4,1518.0,1389834.0,1.0,81.0
0.0,0.0,1469.0,136.0,65.0,0.2,0.2,4169.0,32465.0,1.2,7728.0,1871744.0,1.0,95.0
48.0,30.0,4032.0,470.0,330.0,6.0,2.6,655028.0,68781.0,7.6,8067.0,1368011.0,1.0,65.0
10.0,4.0,5748.0,444.0,256.0,0.4,0.6,190254.0,99158.0,3.0,136.0,1021834.0,1.0,81.0
3.0,0.0,926.0,90.0,67.0,0.6,1.0,5411.0,19322.0,1.0,1177.0,1020400.0,1.0,92.0
0.0,0.0,191.0,16.0,26.0,0.2,0.2,5571.0,15140.0,1.2,7293.0,1875112.0,1.0,97.0
5.0,0.0,1134.0,113.0,83.0,5.8,3.4,208562.0,32671.0,1.8,2695.0,1772870.0,1.0,85.0
0.0,0.0,156.0,9.0,17.0,0.2,0.2,2056.0,2898.0,1.0,6472.0,1871632.0,1.0,98.0
19.0,11.0,1667.0,116.0,87.0,3.01,6.61,88806.0,48340.0,2.5,412.0,1045656.0,1.0,81.0
28.0,12.0,4658.0,366.0,181.0,3.2,6.2,652294.0,177495.0,6.8,243.0,1308429.0,1.0,75.0
4.0,0.0,3883.0,424.0,224.0,0.8,1.0,706506.0,603887.0,3.8,143.0,1030888.0,1.0,80.0
1.0,1.0,1529.0,78.0,67.0,0.2,0.2,26507.0,41825.0,1.3,335.0,1017246.0,1.0,97.0
2.0,1.0,2912.0,250.0,217.0,1.0,2.8,141678.0,400483.0,3.0,290.0,1375298.0,1.0,87.0
36.0,38.0,3291.0,461.0,336.0,8.8,3.8,265082.0,19912.0,3.0,6445.0,1849002.0,1.0,72.0
47.0,29.0,1055.0,101.0,86.0,1.0,1.4,17622.0,26557.0,1.7,241.0,1066601.0,1.0,89.0
2.0,0.0,2328.0,122.0,92.0,0.2,0.2,107897.0,11362.0,3.2,506.0,1446912.0,1.0,95.0
0.0,0.0,174.0,10.0,10.0,0.2,0.2,1016.0,4634.0,1.0,1827.0,1781192.0,1.0,98.0
11.0,5.0,1779.0,83.0,58.0,1.0,7.6,44176.0,42676.0,2.2,907.0,1535013.0,1.0,94.0
1.0,0.0,4859.0,238.0,189.0,0.8,0.8,229829.0,305705.0,4.2,421.0,1004659.0,1.0,83.0
48.0,0.0,2778.0,235.0,111.0,11.8,34.0,171649.0,124322.0,4.7,181.0,1103187.0,1.0,62.0
2.0,0.0,1722.0,132.0,77.0,1.4,1.4,175711.0,32362.0,1.0,776.0,1068697.0,1.0,88.0
27.0,0.0,3188.0,285.0,214.0,3.2,3.2,99363.0,30864.0,2.5,203.0,1047605.0,1.0,83.0
3.0,0.0,3496.0,315.0,151.0,1.8,3.6,459199.0,61862.0,3.2,397.0,1017672.0,1.0,82.0
4.0,2.0,2727.0,155.0,103.0,0.8,2.0,188454.0,71604.0,1.5,1002.0,1055334.0,1.0,90.0
0.0,0.0,203.0,17.0,45.0,0.2,0.2,429.0,20260.0,1.0,6168.0,1855848.0,1.0,98.0
1.0,0.0,1407.0,59.0,63.0,0.2,0.2,9532.0,14289.0,3.0,1225.0,1723778.0,1.0,96.0
3.0,2.0,499.0,64.0,48.0,1.2,1.2,73009.0,24372.0,2.6,674.0,1721486.0,1.0,96.0
1.0,0.0,293.0,28.0,18.0,1.4,1.6,37211.0,4523.0,1.4,291.0,1759290.0,1.0,96.0
2.0,1.0,1956.0,121.0,108.0,1.2,3.6,104453.0,27160.0,1.4,890.0,1094987.0,1.0,88.0
13.0,5.0,1096.0,98.0,67.0,2.0,2.99,16596.0,26431.0,1.8,1345.0,1016145.0,1.0,90.0
16.0,14.0,1363.0,121.0,82.0,0.8,0.6,321356.0,183286.0,3.2,753.0,1511563.0,1.0,87.0
2.0,2.0,2412.0,163.0,103.0,0.4,0.4,164340.0,80066.0,2.0,492.0,1122022.0,1.0,84.0
0.0,0.0,170.0,18.0,21.0,0.2,0.2,448.0,8385.0,1.0,7278.0,1869002.0,1.0,97.0
9.0,0.0,2578.0,385.0,165.0,2.0,4.4,243996.0,150373.0,4.2,2187.0,1539344.0,1.0,85.0
201.0,197.0,5335.0,697.0,380.0,0.6,0.6,354488.0,230101.0,3.8,2857.0,1330510.0,1.0,80.0
4.0,0.0,2584.0,192.0,121.0,1.8,1.8,293863.0,105193.0,3.6,292.0,1530752.0,1.0,88.0
3.0,1.0,2125.0,166.0,78.0,0.4,0.4,174304.0,50630.0,2.2,221.0,1439635.0,1.0,92.0
55.0,59.0,5513.0,327.0,213.0,0.4,0.4,122053.0,99901.0,1.2,228.0,981948.0,1.0,80.0
0.0,0.0,173.0,17.0,20.0,0.2,0.2,456.0,4817.0,1.0,7306.0,1863872.0,1.0,98.0
6.0,1.0,4016.0,666.0,564.0,2.79,1.0,425293.0,404456.0,3.0,494.0,1093713.0,1.0,81.0
1.0,1.0,1913.0,104.0,108.0,0.2,0.2,5303.0,37591.0,2.0,1069.0,1057396.0,1.0,96.0
18.0,1.0,1135.0,188.0,135.0,2.4,12.4,485245.0,109897.0,387.0,88.0,10.0,1.0,1.0
1.0,1.0,384.0,151.0,56.0,0.2,0.2,278545.0,232878.0,2.4,5806.0,1829590.0,1.0,95.0
120.0,112.0,1917.0,228.0,156.0,2.79,3.79,168278.0,108067.0,1.0,156.0,968364.0,1.0,84.0
3.0,0.0,2015.0,204.0,75.0,1.0,1.2,283228.0,16189.0,1.7,125.0,1064920.0,1.0,88.0
2.0,1.0,1962.0,109.0,81.0,0.6,0.4,362384.0,25518.0,1.4,1226.0,1058715.0,1.0,95.0
1.0,1.0,1638.0,117.0,48.0,0.2,0.2,504952.0,63641.0,2.0,8385.0,1838173.0,1.0,95.0
35.0,51.0,4033.0,193.0,155.0,0.2,0.2,53695.0,33261.0,1.5,1038.0,1081435.0,1.0,89.0
14.0,5.0,4970.0,457.0,324.0,9.4,6.2,402397.0,60714.0,1.5,312.0,972771.0,1.0,64.0
13.0,0.0,5489.0,424.0,405.0,1.4,1.6,315121.0,171566.0,2.0,153.0,1048573.0,1.0,81.0
4.0,2.0,1453.0,103.0,86.0,0.6,0.6,9576.0,33300.0,3.2,751.0,1532051.0,1.0,94.0
10.0,2.0,3731.0,321.0,257.0,1.4,1.2,479961.0,501134.0,2.6,275.0,1063549.0,1.0,72.0
2.0,0.0,814.0,64.0,74.0,2.4,3.0,288360.0,356713.0,2.0,370.0,2161779.0,1.0,82.0
1.0,0.0,2435.0,365.0,106.0,0.6,3.18,543956.0,75753.0,5.6,2173.0,983060.0,1.0,90.0
4.0,0.0,889.0,77.0,36.0,2.59,5.19,134414.0,28946.0,1.4,6376.0,1847115.0,1.0,87.0
24.0,15.0,3527.0,270.0,162.0,1.6,2.6,229708.0,51639.0,563.0,79.0,21.0,1.0,0.0
9.0,1.0,8781.0,1694.0,1490.0,6.19,3.39,1313350.0,1148615.0,1.6,367.0,1087598.0,1.0,59.0
0.0,0.0,393.0,162.0,57.0,0.2,0.2,210929.0,207090.0,2.4,1323.0,1745669.0,1.0,97.0
10.0,0.0,4261.0,527.0,266.0,1.8,3.0,330811.0,87989.0,6.2,2497.0,1338315.0,1.0,83.0
30.0,44.0,1406.0,136.0,85.0,0.2,0.2,39455.0,29702.0,2.0,183.0,1741947.0,1.0,90.0
2.0,1.0,845.0,50.0,36.0,0.6,2.0,35281.0,7141.0,3.2,519.0,1715462.0,1.0,86.0
1.0,0.0,306.0,51.0,59.0,0.2,0.2,10830.0,12360.0,2.0,361.0,1745200.0,1.0,94.0
26.0,35.0,2728.0,135.0,138.0,0.2,0.2,5321.0,17760.0,2.0,281.0,1709264.0,1.0,96.0
4.0,0.0,2965.0,268.0,197.0,2.81,0.8,352731.0,28323.0,2.0,264.0,1068253.0,1.0,86.0
67.0,83.0,5967.0,199.0,139.0,1.4,1.8,254279.0,17845.0,5.0,713.0,1528790.0,1.0,82.0
39.0,37.0,4800.0,455.0,259.0,0.2,0.2,274036.0,237469.0,3.2,3627.0,1332514.0,1.0,90.0
0.0,0.0,216.0,14.0,20.0,0.2,0.2,452.0,5432.0,1.4,974.0,1761416.0,1.0,91.0
12.0,11.0,402.0,189.0,61.0,0.2,0.2,205804.0,208228.0,3.2,903.0,1742826.0,1.0,95.0
1.0,0.0,3290.0,173.0,148.0,1.2,2.4,227387.0,130637.0,4.0,607.0,1119533.0,1.0,87.0
2.0,1.0,1363.0,291.0,389.0,0.4,0.4,679012.0,348619.0,1.8,1344.0,1707259.0,1.0,84.0
23.0,19.0,2130.0,164.0,157.0,1.0,1.0,52391.0,117772.0,2.2,178.0,1062783.0,1.0,87.0
3.0,3.0,2070.0,176.0,118.0,0.6,1.0,19761.0,26919.0,2.3,499.0,1119318.0,1.0,91.0
3.0,1.0,1414.0,129.0,96.0,0.8,1.0,29398.0,32450.0,1.5,1925.0,1098349.0,1.0,92.0
25.0,37.0,3546.0,138.0,88.0,0.2,0.2,42325.0,23463.0,1.0,254.0,1127160.0,1.0,91.0
10.0,0.0,2665.0,496.0,314.0,6.8,2.4,214887.0,11611.0,4.0,448.0,1719106.0,1.0,77.0
17.0,6.0,5966.0,274.0,171.0,2.59,6.79,27941.0,42226.0,4.6,154.0,1311112.0,1.0,76.0
13.0,12.0,3185.0,232.0,124.0,0.2,0.2,186795.0,178492.0,3.6,3702.0,1346824.0,1.0,94.0
19.0,6.0,1985.0,190.0,110.0,1.0,1.0,259376.0,68790.0,1.5,287.0,986922.0,1.0,90.0
62.0,90.0,2492.0,146.0,124.0,0.2,0.2,117979.0,82643.0,1.7,910.0,994222.0,1.0,87.0
3.0,1.0,579.0,57.0,39.0,2.0,2.0,151855.0,149247.0,1.6,5528.0,1842536.0,1.0,90.0
70.0,1.0,3227.0,235.0,91.0,0.4,0.8,938351.0,72918.0,5.2,163.0,1110411.0,1.0,87.0
15.0,11.0,1802.0,198.0,87.0,1.2,1.4,476981.0,127966.0,3.2,335.0,1326221.0,1.0,92.0
19.0,12.0,3139.0,238.0,154.0,3.2,4.0,110280.0,49214.0,3.3,207.0,1009814.0,1.0,81.0
1.0,0.0,3461.0,127.0,143.0,0.2,0.2,6869.0,13810.0,2.2,1206.0,1720112.0,1.0,93.0
9.0,1.0,3326.0,383.0,177.0,6.2,19.2,34844.0,28865.0,1.5,188.0,1103072.0,1.0,76.0
38.0,45.0,1669.0,122.0,101.0,5.0,10.2,304523.0,270928.0,1.8,8137.0,1864890.0,1.0,76.0
3.0,1.0,704.0,55.0,51.0,1.8,2.0,8530.0,11424.0,1.6,590.0,1759749.0,1.0,91.0
1.0,0.0,742.0,46.0,43.0,0.4,2.0,1037.0,62760.0,3.0,491.0,1714830.0,1.0,88.0
16.0,2.0,6188.0,312.0,195.0,5.0,3.8,323403.0,43465.0,3.8,3280.0,1550174.0,1.0,83.0
22.0,32.0,192.0,22.0,22.0,0.2,0.2,527.0,6310.0,1.0,432.0,1760834.0,1.0,98.0
2.0,0.0,453.0,43.0,36.0,2.2,2.2,136424.0,57700.0,2.0,6264.0,1853056.0,1.0,89.0
4.0,0.0,2162.0,307.0,216.0,2.19,0.6,485056.0,33264.0,2.0,504.0,1051743.0,1.0,86.0
56.0,59.0,5526.0,776.0,598.0,6.2,1.6,361328.0,220236.0,6.2,292.0,1545926.0,1.0,72.0
129.0,45.0,2223.0,243.0,164.0,0.6,0.6,417425.0,122887.0,1.0,247.0,973678.0,1.0,87.0
5.0,0.0,3150.0,163.0,108.0,5.2,3.2,120314.0,18880.0,3.6,744.0,1749576.0,1.0,82.0
27.0,15.0,1970.0,271.0,117.0,1.4,2.2,1067119.0,27957.0,3.0,154.0,975584.0,1.0,89.0
0.0,0.0,1339.0,86.0,68.0,0.2,0.2,6285.0,13180.0,3.2,452.0,1719110.0,1.0,94.0
3.0,1.0,3909.0,214.0,109.0,2.19,5.38,155848.0,27340.0,1.5,179.0,1023871.0,1.0,85.0
4.0,3.0,1669.0,169.0,119.0,1.4,2.8,162209.0,46829.0,3.0,331.0,1104515.0,1.0,91.0
3.0,2.0,501.0,94.0,102.0,0.2,0.2,56336.0,70980.0,2.6,159.0,1712456.0,1.0,97.0
12.0,9.0,5661.0,289.0,150.0,2.8,9.8,89740.0,42905.0,6.4,3168.0,1602059.0,1.0,75.0
6.0,0.0,1510.0,77.0,29.0,5.4,22.2,146683.0,19155.0,2.6,760.0,1749810.0,1.0,77.0
4.0,2.0,566.0,24.0,20.0,1.4,3.8,15866.0,12723.0,1.2,6884.0,1826949.0,1.0,95.0
0.0,0.0,125.0,9.0,10.0,0.2,0.2,431.0,4174.0,1.0,298.0,1755880.0,1.0,98.0
58.0,33.0,3809.0,176.0,142.0,4.0,4.4,237419.0,121316.0,3.6,1202.0,1543408.0,1.0,83.0
15.0,2.0,4106.0,204.0,134.0,12.4,36.2,172102.0,52177.0,1.4,134.0,1081658.0,1.0,60.0
57.0,34.0,4103.0,738.0,398.0,6.8,4.8,945180.0,528524.0,796.0,73.0,27.0,1.0,0.0
6.0,0.0,1035.0,87.0,45.0,1.6,1.8,304001.0,22135.0,1.4,1580.0,1026153.0,1.0,93.0
37.0,16.0,3666.0,627.0,255.0,4.2,4.4,591437.0,86958.0,1.5,212.0,988462.0,1.0,72.0
4.0,0.0,1287.0,56.0,32.0,3.2,10.2,21470.0,10323.0,2.2,4563.0,1828696.0,1.0,94.0
31.0,0.0,1033.0,174.0,73.0,0.8,0.8,506006.0,16902.0,3.8,389.0,1718456.0,1.0,90.0
44.0,48.0,2446.0,179.0,127.0,1.4,2.4,90591.0,81635.0,2.0,316.0,1020319.0,1.0,87.0
31.0,25.0,3787.0,337.0,196.0,1.6,2.0,130458.0,54047.0,1.4,183.0,1085310.0,1.0,85.0
5.0,1.0,2210.0,146.0,128.0,0.8,0.8,131443.0,216349.0,2.2,652.0,1525027.0,1.0,91.0
36.0,7.0,5442.0,675.0,383.0,5.8,3.8,619161.0,49966.0,7.2,573.0,1292381.0,1.0,67.0
23.0,30.0,796.0,53.0,57.0,0.2,0.2,82739.0,148250.0,1.0,7036.0,1830402.0,1.0,95.0
0.0,0.0,1073.0,57.0,51.0,0.2,0.2,2235.0,25862.0,1.2,7721.0,1871742.0,1.0,98.0
4.0,0.0,2443.0,243.0,81.0,2.0,2.0,168264.0,22420.0,1.0,150.0,1066862.0,1.0,84.0
9.0,6.0,1042.0,109.0,79.0,2.0,3.4,135900.0,55307.0,3.0,317.0,949230.0,1.0,84.0
7.0,0.0,3758.0,508.0,978.0,5.8,1.6,233257.0,87134.0,4.2,981.0,1705043.0,1.0,79.0
34.0,43.0,793.0,55.0,50.0,1.0,0.4,34368.0,22420.0,2.0,5398.0,1680534.0,1.0,95.0
0.0,0.0,217.0,17.0,46.0,0.2,0.2,1977.0,49154.0,1.0,479.0,1730376.0,1.0,97.0
3.0,0.0,1131.0,89.0,69.0,0.8,0.4,41757.0,72089.0,1.0,263.0,1117493.0,1.0,89.0
2.0,0.0,1440.0,176.0,139.0,0.4,0.6,8153.0,18700.0,4.0,322.0,1098930.0,1.0,92.0
23.0,20.0,3695.0,344.0,198.0,1.2,3.99,276192.0,97365.0,4.4,211.0,1007005.0,1.0,80.0
0.0,0.0,186.0,19.0,18.0,0.2,0.2,615.0,5652.0,1.0,1863.0,1781320.0,1.0,99.0
1.0,1.0,2428.0,93.0,86.0,0.2,0.2,88628.0,23314.0,1.4,8464.0,1882056.0,1.0,95.0
4.0,0.0,1757.0,133.0,197.0,4.4,7.6,191605.0,173745.0,1.0,151.0,1036051.0,1.0,82.0
4.0,0.0,1525.0,255.0,166.0,0.4,0.4,10103.0,28248.0,1.2,541.0,976770.0,1.0,93.0
1.0,0.0,854.0,119.0,96.0,0.2,0.2,3876.0,32284.0,2.0,161.0,1058893.0,1.0,96.0
2.0,1.0,1436.0,93.0,81.0,0.2,0.2,287757.0,47872.0,148.0,92.0,8.0,1.0,0.0
2.0,0.0,3168.0,78.0,68.0,0.4,0.4,94366.0,48138.0,3.4,987.0,1629045.0,1.0,92.0
2.0,1.0,1534.0,92.0,77.0,0.2,0.2,6186.0,30997.0,2.6,549.0,1530248.0,1.0,95.0
18.0,13.0,1224.0,88.0,77.0,2.99,2.99,51124.0,23822.0,1.0,1053.0,1090694.0,1.0,90.0
145.0,53.0,7870.0,1348.0,1234.0,6.0,2.0,951510.0,794198.0,1.8,135.0,1089506.0,1.0,58.0
81.0,92.0,3030.0,371.0,310.0,3.6,5.0,269944.0,357765.0,3.8,175.0,1372950.0,1.0,73.0
12.0,7.0,1279.0,105.0,65.0,0.8,2.59,38119.0,32996.0,545.0,91.0,9.0,1.0,0.0
6.0,0.0,1601.0,84.0,49.0,5.0,16.2,43490.0,20837.0,2.2,192.0,1749606.0,1.0,89.0
1.0,0.0,2134.0,163.0,68.0,0.2,0.2,607320.0,24839.0,3.0,1081.0,1717874.0,1.0,93.0
1.0,0.0,2165.0,205.0,101.0,0.4,1.2,43107.0,44139.0,3.0,130.0,1131931.0,1.0,88.0
27.0,17.0,3059.0,385.0,287.0,6.79,7.19,343111.0,254225.0,2.2,171.0,1003404.0,1.0,71.0
12.0,11.0,1377.0,128.0,97.0,0.6,0.6,51717.0,23905.0,1.0,189.0,1128397.0,1.0,90.0
18.0,13.0,7525.0,519.0,188.0,4.0,11.4,762806.0,71610.0,1.2,378.0,1009299.0,1.0,78.0
30.0,7.0,1015.0,79.0,67.0,0.6,2.2,43567.0,18853.0,1.0,265.0,983173.0,1.0,92.0
1.0,0.0,760.0,29.0,31.0,0.2,0.2,2795.0,15330.0,1.0,129.0,1016087.0,1.0,96.0
15.0,13.0,2212.0,142.0,83.0,0.4,0.4,84255.0,17588.0,3.6,7493.0,1370760.0,1.0,92.0
3.0,1.0,390.0,35.0,20.0,2.2,2.59,62164.0,23300.0,1.6,8891.0,1868560.0,1.0,90.0
1.0,0.0,346.0,61.0,23.0,0.2,0.2,382940.0,19927.0,1.8,8016.0,1862216.0,1.0,97.0
7.0,1.0,2676.0,117.0,90.0,0.4,0.2,294048.0,34786.0,1.4,350.0,1752752.0,1.0,93.0
7.0,4.0,1911.0,255.0,198.0,1.0,0.8,22534.0,24164.0,2.0,1211.0,1133518.0,1.0,91.0
4.0,2.0,1959.0,214.0,126.0,0.6,1.79,117352.0,23063.0,1.0,776.0,1118409.0,1.0,90.0
45.0,53.0,3136.0,576.0,317.0,3.2,1.8,182297.0,60670.0,3.6,3069.0,1546811.0,1.0,83.0
3.0,2.0,4156.0,448.0,230.0,1.0,2.0,275661.0,116795.0,1.0,158.0,1121726.0,1.0,78.0
3.0,0.0,1359.0,149.0,112.0,0.8,0.4,16723.0,25838.0,2.0,246.0,1118432.0,1.0,92.0
10.0,5.0,1002.0,93.0,69.0,0.6,1.2,146514.0,64707.0,1.8,161.0,1072518.0,1.0,93.0
2.0,1.0,1133.0,183.0,134.0,0.2,0.2,194225.0,21523.0,667.0,94.0,6.0,1.0,0.0
43.0,60.0,3084.0,261.0,155.0,1.4,3.8,21092.0,62289.0,2.6,274.0,1537773.0,1.0,90.0
1.0,1.0,506.0,166.0,91.0,0.2,0.2,274362.0,218621.0,3.0,4182.0,1829272.0,1.0,88.0
80.0,100.0,3318.0,199.0,183.0,1.4,2.59,52460.0,176733.0,2.6,385.0,988584.0,1.0,75.0
17.0,5.0,1896.0,205.0,193.0,2.19,2.59,45718.0,41239.0,2.0,176.0,1050849.0,1.0,85.0
7.0,1.0,1871.0,196.0,181.0,4.19,3.39,127647.0,130529.0,1.0,8303.0,1832996.0,1.0,86.0
3.0,0.0,3579.0,223.0,216.0,2.8,1.0,75101.0,141958.0,5.6,443.0,1015458.0,1.0,85.0
8.0,5.0,1361.0,117.0,81.0,0.4,1.8,32845.0,44283.0,1.5,183.0,967026.0,1.0,92.0
1.0,1.0,1075.0,146.0,59.0,0.4,0.4,441386.0,64385.0,1.0,159.0,1023106.0,1.0,92.0
2.0,0.0,1734.0,89.0,61.0,1.2,2.8,39725.0,23738.0,1.0,1452.0,1085187.0,1.0,89.0
2.0,0.0,915.0,89.0,86.0,0.4,0.6,8379.0,26797.0,3.2,675.0,979117.0,1.0,94.0
4.0,0.0,538.0,86.0,56.0,2.0,2.0,65482.0,38684.0,1.8,1879.0,1771618.0,1.0,88.0
14.0,14.0,261.0,81.0,44.0,0.2,0.2,102119.0,117424.0,3.2,1829.0,1759162.0,1.0,98.0
4.0,2.0,1812.0,124.0,76.0,1.8,2.2,61200.0,9751.0,4.2,931.0,1639242.0,1.0,93.0
18.0,11.0,4068.0,280.0,140.0,3.0,4.6,320517.0,55276.0,1.0,489.0,1014958.0,1.0,81.0
18.0,16.0,2304.0,506.0,238.0,1.0,1.0,576576.0,492864.0,1.6,621.0,1044544.0,1.0,89.0
26.0,15.0,1558.0,153.0,121.0,0.6,2.2,60536.0,78144.0,2.4,1384.0,1542154.0,1.0,94.0
3.0,1.0,2573.0,275.0,175.0,0.2,0.2,271616.0,121425.0,1.5,178.0,1052728.0,1.0,90.0
0.0,0.0,334.0,70.0,32.0,0.2,0.2,384724.0,185229.0,2.8,991.0,1759528.0,1.0,96.0
41.0,1.0,4425.0,523.0,387.0,11.8,19.8,436938.0,105307.0,2.5,1401.0,1106198.0,1.0,59.0
64.0,91.0,2057.0,144.0,114.0,1.0,0.8,104539.0,55435.0,2.2,331.0,1014939.0,1.0,91.0
18.0,12.0,3820.0,270.0,155.0,5.8,7.8,201297.0,79120.0,5.2,1509.0,1615386.0,1.0,80.0
80.0,67.0,3131.0,244.0,136.0,6.01,7.41,182851.0,27898.0,2.2,166.0,1038256.0,1.0,67.0
2.0,0.0,1510.0,178.0,138.0,0.4,0.6,17912.0,30669.0,2.7,203.0,1003520.0,1.0,95.0
12.0,5.0,1176.0,88.0,72.0,1.4,1.8,33693.0,24259.0,262.0,94.0,6.0,1.0,0.0
1.0,1.0,241.0,18.0,24.0,0.2,0.2,7016.0,10288.0,1.4,7398.0,1865531.0,1.0,97.0
3.0,1.0,1496.0,131.0,59.0,2.0,2.0,161751.0,78418.0,2.0,8279.0,1864566.0,1.0,87.0
5.0,2.0,3841.0,194.0,189.0,0.8,1.99,12984.0,96970.0,2.0,436.0,1064942.0,1.0,87.0
1.0,0.0,3548.0,436.0,166.0,0.4,0.2,499823.0,82427.0,4.6,327.0,976682.0,1.0,90.0
1.0,0.0,1826.0,135.0,103.0,0.2,0.2,29634.0,44745.0,2.8,155.0,1718645.0,1.0,91.0
10.0,1.0,3917.0,490.0,883.0,8.38,3.59,286623.0,132176.0,2.0,245.0,1802988.0,1.0,65.0
2.0,0.0,461.0,44.0,64.0,1.2,0.8,24720.0,20705.0,2.0,534.0,1742819.0,1.0,89.0
2.0,1.0,764.0,132.0,78.0,0.6,2.4,301591.0,53269.0,3.8,2603.0,1727674.0,1.0,94.0
4.0,0.0,2989.0,191.0,144.0,0.8,0.6,72422.0,64404.0,1.0,231.0,1751608.0,1.0,90.0
95.0,120.0,3749.0,281.0,194.0,1.4,1.2,90976.0,15722.0,6.4,1428.0,1307952.0,1.0,86.0
6.0,4.0,2006.0,154.0,132.0,0.4,1.0,179464.0,33351.0,1.0,180.0,1022267.0,1.0,93.0
2.0,2.0,261.0,20.0,25.0,0.6,0.6,8969.0,5009.0,1.0,7391.0,1865933.0,1.0,98.0
12.0,5.0,5935.0,356.0,199.0,1.4,0.8,173332.0,74812.0,5.2,315.0,1296418.0,1.0,78.0
14.0,12.0,4939.0,475.0,300.0,1.0,1.2,530441.0,632132.0,2.2,211.0,1042893.0,1.0,85.0
0.0,0.0,166.0,12.0,20.0,0.2,0.2,444.0,13044.0,1.4,7425.0,1869323.0,1.0,98.0
7.0,1.0,2319.0,207.0,94.0,0.6,1.2,1132227.0,33317.0,2.8,98.0,984424.0,1.0,76.0
26.0,18.0,10331.0,4449.0,4590.0,1.2,1.6,36289.0,36990.0,3.4,168.0,974222.0,1.0,75.0
3.0,0.0,339.0,40.0,57.0,0.6,0.8,26052.0,80777.0,1.4,462.0,1755136.0,1.0,85.0
48.0,2.0,1184.0,163.0,116.0,0.2,0.2,1336878.0,51629.0,3.5,160.0,1023751.0,1.0,88.0
5.0,3.0,3590.0,263.0,203.0,1.0,3.81,596993.0,101007.0,1.0,239.0,992026.0,1.0,86.0
2.0,1.0,209.0,22.0,15.0,0.2,0.2,91604.0,9887.0,1.2,8359.0,1866029.0,1.0,98.0
19.0,3.0,3238.0,298.0,264.0,4.0,1.6,135898.0,24557.0,3.0,242.0,1065974.0,1.0,83.0
1.0,0.0,3654.0,104.0,138.0,0.2,0.2,39922.0,137992.0,2.4,3124.0,1647952.0,1.0,95.0
5.0,1.0,2037.0,84.0,83.0,2.0,2.4,53959.0,44009.0,1.8,1142.0,1124263.0,1.0,90.0
1.0,0.0,3689.0,333.0,174.0,0.4,0.6,146163.0,96026.0,1.5,183.0,1129250.0,1.0,85.0
38.0,18.0,3091.0,381.0,188.0,4.79,6.59,206975.0,64456.0,2.6,165.0,1109397.0,1.0,81.0
1.0,1.0,2173.0,184.0,149.0,0.4,0.4,767207.0,294541.0,1.6,345.0,1018735.0,1.0,86.0
22.0,32.0,3778.0,153.0,149.0,0.4,0.6,14108.0,50224.0,1.0,287.0,1011205.0,1.0,91.0
13.0,11.0,709.0,126.0,58.0,0.2,0.2,356875.0,135170.0,3.8,1392.0,1756062.0,1.0,95.0
2.0,1.0,3723.0,213.0,194.0,0.4,0.6,126658.0,118240.0,1.3,159.0,1123099.0,1.0,86.0
1.0,0.0,907.0,106.0,76.0,0.2,0.2,24733.0,69413.0,1.3,511.0,1061837.0,1.0,97.0
2.0,1.0,1574.0,123.0,92.0,0.8,1.2,230531.0,77766.0,2.2,327.0,1533171.0,1.0,93.0
19.0,8.0,4413.0,146.0,107.0,2.8,9.8,309773.0,120556.0,4.6,949.0,1539846.0,1.0,76.0
7.0,1.0,2808.0,386.0,377.0,6.41,3.61,197062.0,151607.0,1.0,148.0,968997.0,1.0,78.0
3.0,1.0,477.0,35.0,30.0,2.2,2.2,77144.0,25437.0,1.2,8588.0,1833952.0,1.0,89.0
22.0,33.0,210.0,14.0,17.0,0.2,0.2,7026.0,7795.0,1.0,7537.0,1868896.0,1.0,97.0
0.0,0.0,2128.0,206.0,137.0,0.4,0.4,164827.0,42642.0,1.3,314.0,1018701.0,1.0,89.0
3.0,1.0,330.0,35.0,18.0,0.8,0.8,75541.0,7730.0,1.0,7579.0,1869181.0,1.0,97.0
0.0,0.0,166.0,8.0,10.0,0.2,0.2,20115.0,7036.0,2.0,179.0,1760056.0,1.0,98.0
0.0,0.0,691.0,25.0,18.0,0.2,0.2,912.0,5944.0,1.8,817.0,1750648.0,1.0,93.0
36.0,52.0,2326.0,155.0,77.0,0.8,1.2,9028.0,21940.0,1.0,148.0,1137347.0,1.0,90.0
4.0,0.0,840.0,52.0,39.0,0.8,1.6,16329.0,16867.0,1.2,367.0,1014170.0,1.0,94.0
22.0,17.0,1893.0,138.0,110.0,0.8,0.8,141423.0,58049.0,1.5,122.0,968677.0,1.0,89.0
3.0,1.0,442.0,46.0,30.0,2.2,2.2,105052.0,44010.0,1.2,11466.0,1877964.0,1.0,87.0
2.0,1.0,587.0,45.0,32.0,0.6,0.6,94622.0,9992.0,1.4,6259.0,1857560.0,1.0,96.0
2.0,0.0,1050.0,118.0,105.0,0.4,0.4,33268.0,34654.0,2.0,433.0,1092555.0,1.0,95.0
6.0,2.0,4480.0,429.0,333.0,3.6,3.8,244837.0,196107.0,3.8,509.0,1014661.0,1.0,76.0
26.0,3.0,3342.0,348.0,186.0,2.2,6.6,332149.0,186456.0,1.5,143.0,981362.0,1.0,78.0
2.0,1.0,1051.0,94.0,47.0,0.2,0.2,30237.0,75384.0,1.0,6735.0,1849212.0,1.0,95.0
2.0,0.0,692.0,87.0,62.0,1.0,0.4,33394.0,5284.0,2.0,391.0,1717506.0,1.0,95.0
24.0,18.0,3457.0,401.0,226.0,1.0,0.8,137036.0,87730.0,222.0,84.0,16.0,1.0,0.0
3.0,0.0,4944.0,257.0,200.0,0.6,2.0,228459.0,144888.0,3.0,2246.0,1533838.0,1.0,87.0
2.0,1.0,3274.0,245.0,176.0,0.4,0.8,303552.0,102946.0,2.8,1161.0,1043141.0,1.0,73.0
39.0,51.0,2253.0,100.0,126.0,0.2,0.2,138204.0,351378.0,2.4,212.0,1013159.0,1.0,88.0
8.0,7.0,2613.0,104.0,153.0,0.2,0.2,4805.0,360035.0,2.2,305.0,1391992.0,1.0,92.0
12.0,4.0,4961.0,165.0,141.0,1.0,1.0,125039.0,50388.0,3.2,831.0,1529981.0,1.0,89.0
20.0,30.0,1247.0,158.0,131.0,0.6,1.2,77944.0,30633.0,3.6,1360.0,1074344.0,1.0,92.0
1.0,0.0,268.0,42.0,43.0,0.2,0.2,18237.0,5721.0,2.0,613.0,1746560.0,1.0,92.0
10.0,3.0,3028.0,283.0,175.0,1.4,1.2,374314.0,66447.0,3.6,3045.0,1419264.0,1.0,87.0
24.0,21.0,1833.0,114.0,94.0,0.6,0.4,180856.0,37117.0,3.2,6754.0,1404261.0,1.0,88.0
85.0,98.0,6036.0,832.0,181.0,0.99,1.79,125868.0,91516.0,2.0,189.0,996110.0,1.0,84.0
1.0,1.0,161.0,8.0,9.0,0.2,0.2,6994.0,6201.0,1.0,7730.0,1882360.0,1.0,98.0
65.0,60.0,2116.0,279.0,191.0,4.59,2.79,138385.0,54700.0,2.0,384.0,963949.0,1.0,82.0
11.0,3.0,5178.0,216.0,154.0,7.4,18.8,41410.0,36739.0,3.0,372.0,1100992.0,1.0,74.0
1.0,0.0,5063.0,225.0,210.0,0.2,0.2,23730.0,223135.0,2.6,451.0,1387595.0,1.0,89.0
5.0,0.0,4901.0,508.0,330.0,2.0,0.6,165967.0,155044.0,2.8,2560.0,1646453.0,1.0,87.0
0.0,0.0,296.0,54.0,31.0,0.2,0.2,261848.0,10456.0,2.4,4074.0,1837883.0,1.0,94.0
1.0,1.0,318.0,19.0,40.0,0.2,0.6,32972.0,12604.0,1.0,6454.0,1871424.0,1.0,97.0
61.0,77.0,2148.0,166.0,71.0,0.8,1.2,138152.0,32010.0,1.0,141.0,1081685.0,1.0,89.0
3.0,0.0,3707.0,233.0,153.0,1.6,1.8,354435.0,99856.0,2.0,147.0,1009598.0,1.0,83.0
2.0,0.0,4923.0,288.0,216.0,0.8,3.6,274812.0,70913.0,1.2,144.0,982850.0,1.0,81.0
1.0,1.0,1609.0,92.0,73.0,0.6,2.2,111653.0,16050.0,1.0,170.0,1025342.0,1.0,90.0
14.0,7.0,3574.0,100.0,79.0,1.8,7.0,27265.0,45823.0,2.4,3159.0,1657016.0,1.0,87.0
3.0,0.0,982.0,153.0,24.0,0.2,0.2,144680.0,5430.0,2.4,4038.0,1716050.0,1.0,95.0
99.0,46.0,5467.0,904.0,164.0,3.39,4.39,2204636.0,77915.0,452.0,77.0,23.0,1.0,0.0
43.0,59.0,3706.0,248.0,182.0,1.0,2.6,42272.0,97027.0,1.3,926.0,1122056.0,1.0,82.0
7.0,1.0,610.0,94.0,35.0,3.61,3.61,84266.0,24174.0,1.0,7894.0,1872233.0,1.0,89.0
36.0,48.0,4637.0,858.0,472.0,1.6,3.2,226690.0,79258.0,4.4,1105.0,1542547.0,1.0,76.0
1.0,0.0,2100.0,201.0,147.0,0.6,0.6,191592.0,17844.0,2.6,1938.0,1408730.0,1.0,87.0
20.0,13.0,1056.0,93.0,67.0,0.4,0.4,25620.0,42410.0,2.2,2434.0,1726120.0,1.0,97.0
7.0,2.0,1628.0,212.0,170.0,3.99,1.2,122017.0,15907.0,1.8,8532.0,1862631.0,1.0,90.0
753.0,22.0,2350.0,146.0,111.0,2.0,0.6,259768.0,129649.0,2.2,4728.0,1845357.0,1.0,74.0
0.0,0.0,1977.0,256.0,133.0,0.6,2.61,225802.0,37213.0,2.2,299.0,1105616.0,1.0,91.0
5.0,4.0,4051.0,210.0,173.0,0.6,1.2,23850.0,49089.0,1.5,710.0,990808.0,1.0,91.0
13.0,3.0,2243.0,175.0,142.0,1.0,1.2,54515.0,35406.0,1.5,204.0,1021176.0,1.0,88.0
9.0,0.0,4252.0,620.0,576.0,5.36,2.38,417664.0,287315.0,1.4,201.0,1064038.0,1.0,77.0
10.0,0.0,298.0,53.0,37.0,0.4,0.4,138133.0,12881.0,1.4,285.0,1725635.0,1.0,96.0
18.0,17.0,541.0,157.0,72.0,1.0,3.0,224685.0,246771.0,2.2,4152.0,1827126.0,1.0,90.0
16.0,0.0,1395.0,204.0,85.0,5.6,3.8,36451.0,28097.0,1.5,1044.0,1015834.0,1.0,85.0
3.0,3.0,1290.0,118.0,88.0,0.2,0.2,20182.0,53300.0,1.0,2118.0,1047573.0,1.0,95.0
39.0,48.0,3006.0,235.0,235.0,2.8,1.0,110395.0,14018.0,3.4,4526.0,1720122.0,1.0,87.0
0.0,0.0,1197.0,217.0,110.0,0.2,0.2,249037.0,256014.0,3.8,138.0,1737429.0,1.0,94.0
28.0,0.0,2916.0,194.0,134.0,6.41,19.44,76359.0,34803.0,4.2,158.0,1109499.0,1.0,77.0
3.0,0.0,3473.0,132.0,137.0,0.6,0.6,9715.0,26776.0,5.2,370.0,1021517.0,1.0,83.0
8.0,1.0,1215.0,62.0,104.0,7.0,10.8,98480.0,179820.0,2.0,6469.0,1852026.0,1.0,85.0
65.0,60.0,2391.0,156.0,100.0,1.0,0.8,188534.0,52404.0,1.2,723.0,1006984.0,1.0,88.0
15.0,7.0,4877.0,184.0,207.0,2.0,7.2,92961.0,191479.0,3.4,2789.0,1648301.0,1.0,82.0
7.0,5.0,1939.0,156.0,113.0,0.6,0.8,64527.0,60547.0,1.0,590.0,1310239.0,1.0,86.0
1.0,0.0,2738.0,312.0,117.0,0.6,2.0,352370.0,31621.0,2.4,1130.0,1133245.0,1.0,86.0
3.0,0.0,862.0,78.0,209.0,2.0,2.6,267700.0,63938.0,2.8,2242.0,1796314.0,1.0,80.0
1.0,0.0,884.0,73.0,186.0,0.2,0.2,30354.0,53613.0,2.8,969.0,1716299.0,1.0,95.0
20.0,13.0,4257.0,403.0,298.0,3.01,3.21,236001.0,145168.0,2.5,2384.0,1094818.0,1.0,80.0
27.0,0.0,5461.0,176.0,115.0,6.4,18.4,107414.0,87502.0,3.4,134.0,1106838.0,1.0,77.0
17.0,25.0,189.0,20.0,17.0,0.2,0.2,9763.0,5724.0,1.0,8739.0,1834968.0,1.0,97.0
19.0,15.0,934.0,96.0,78.0,1.6,1.4,69777.0,88143.0,1.0,265.0,991232.0,1.0,89.0
36.0,53.0,2180.0,309.0,119.0,0.2,0.2,597126.0,35393.0,1.0,157.0,1096487.0,1.0,88.0
16.0,14.0,630.0,39.0,42.0,0.2,0.2,3971.0,6865.0,2.2,5613.0,1683274.0,1.0,98.0
14.0,13.0,1510.0,168.0,97.0,0.2,0.2,25438.0,26958.0,1.0,1088.0,1080695.0,1.0,95.0
13.0,3.0,1089.0,49.0,42.0,1.6,2.4,37164.0,23363.0,4.0,698.0,974719.0,1.0,88.0
49.0,11.0,2424.0,233.0,152.0,0.2,0.2,214926.0,81346.0,1.0,507.0,981270.0,1.0,91.0
9.0,1.0,8351.0,1486.0,1359.0,8.18,6.79,1327527.0,1052853.0,1.2,509.0,1092029.0,1.0,57.0
0.0,0.0,160.0,8.0,18.0,0.4,1.4,1092.0,13641.0,1.0,7431.0,1876200.0,1.0,98.0
9.0,4.0,4370.0,122.0,115.0,2.8,8.0,153788.0,121639.0,2.6,551.0,1536366.0,1.0,81.0
3.0,0.0,958.0,93.0,35.0,0.8,1.2,144354.0,8695.0,2.0,140.0,1744762.0,1.0,89.0
18.0,24.0,422.0,59.0,64.0,0.2,0.2,17697.0,120835.0,1.0,1722.0,1768696.0,1.0,89.0
3.0,0.0,1518.0,95.0,546.0,2.4,3.2,91213.0,113264.0,1.2,2499.0,1819904.0,1.0,80.0
2.0,2.0,1753.0,204.0,93.0,0.2,0.2,149267.0,137092.0,5.6,3856.0,1605106.0,1.0,96.0
2.0,0.0,1691.0,197.0,111.0,0.6,2.2,28881.0,30377.0,1.0,153.0,1057536.0,1.0,94.0
1.0,0.0,2079.0,295.0,166.0,1.0,3.6,174955.0,55598.0,1.8,129.0,1100454.0,1.0,88.0
10.0,1.0,1564.0,157.0,137.0,0.6,0.6,184137.0,59736.0,1.3,485.0,1067194.0,1.0,93.0
4.0,2.0,2668.0,323.0,144.0,1.2,2.4,1018115.0,32869.0,2.8,400.0,1096968.0,1.0,86.0
1.0,0.0,2159.0,410.0,217.0,0.4,0.6,13065.0,22843.0,1.8,370.0,1099321.0,1.0,90.0
57.0,75.0,2117.0,313.0,205.0,0.8,1.4,232233.0,84426.0,2.0,133.0,1055830.0,1.0,88.0
3.0,0.0,1651.0,103.0,90.0,0.8,2.2,24966.0,16984.0,3.2,140.0,1440835.0,1.0,92.0
1.0,0.0,1564.0,175.0,110.0,0.4,0.2,6163.0,22276.0,1.0,239.0,1099744.0,1.0,93.0
4.0,2.0,588.0,47.0,46.0,0.4,0.4,51753.0,37560.0,1.5,729.0,1039062.0,1.0,95.0
2.0,1.0,2538.0,200.0,118.0,0.6,3.2,29061.0,22557.0,1.2,418.0,1113773.0,1.0,89.0
1.0,0.0,883.0,49.0,48.0,0.2,0.2,3049.0,13534.0,1.3,162.0,1015463.0,1.0,97.0
1.0,0.0,2832.0,131.0,92.0,0.2,0.2,9102.0,53734.0,2.0,506.0,1629285.0,1.0,95.0
5.0,1.0,921.0,94.0,65.0,0.6,1.0,41990.0,15763.0,1.8,149.0,1022018.0,1.0,93.0
47.0,0.0,2824.0,150.0,111.0,12.0,35.0,85212.0,42485.0,3.2,198.0,1096288.0,1.0,65.0
12.0,5.0,1519.0,109.0,69.0,1.4,1.4,276516.0,244145.0,5.4,2520.0,1548502.0,1.0,93.0
4.0,2.0,2283.0,128.0,91.0,0.2,0.2,258745.0,244328.0,3.4,213.0,1337101.0,1.0,94.0
20.0,17.0,2175.0,397.0,197.0,0.2,0.2,643307.0,639374.0,1.5,278.0,1043112.0,1.0,88.0
3.0,2.0,922.0,101.0,65.0,0.8,3.79,4190.0,16327.0,1.3,211.0,1022715.0,1.0,96.0
2.0,0.0,522.0,36.0,33.0,0.8,0.6,3011.0,14854.0,1.0,177.0,1066296.0,1.0,96.0
41.0,17.0,4739.0,739.0,662.0,7.0,4.0,574189.0,494152.0,2.7,118.0,1052146.0,1.0,70.0
2.0,1.0,3118.0,299.0,167.0,0.4,0.2,194860.0,155593.0,5.6,2131.0,988368.0,1.0,91.0
0.0,0.0,2046.0,77.0,103.0,0.2,0.2,3550.0,10601.0,2.2,699.0,1720400.0,1.0,94.0
3.0,0.0,943.0,119.0,116.0,0.8,0.6,34217.0,32924.0,531.0,93.0,7.0,1.0,0.0
0.0,0.0,2106.0,87.0,52.0,0.2,0.2,19292.0,28755.0,1.0,499.0,1739078.0,1.0,95.0
1.0,1.0,142.0,13.0,23.0,0.0,0.0,10150.0,5921.0,1.0,7228.0,1847216.0,1.0,98.0
1.0,0.0,4327.0,334.0,190.0,1.0,3.8,160513.0,34348.0,1.0,417.0,1093755.0,1.0,85.0
16.0,15.0,1629.0,114.0,57.0,0.4,0.2,281427.0,21018.0,1.0,141.0,1072750.0,1.0,92.0
5.0,0.0,2504.0,329.0,242.0,0.4,0.4,254766.0,56907.0,4.2,440.0,1093691.0,1.0,88.0
36.0,47.0,345.0,26.0,20.0,1.8,1.8,51659.0,26403.0,1.2,8807.0,1871341.0,1.0,91.0
31.0,41.0,459.0,73.0,59.0,0.6,2.6,161489.0,164550.0,2.4,242.0,1720221.0,1.0,87.0
30.0,8.0,4113.0,479.0,348.0,10.0,18.2,239482.0,38730.0,1.7,210.0,1083712.0,1.0,64.0
12.0,1.0,2512.0,284.0,244.0,2.81,3.81,94187.0,98275.0,1.5,1316.0,1102746.0,1.0,85.0
2.0,1.0,3440.0,219.0,187.0,0.6,0.6,163473.0,64164.0,1.8,735.0,1123065.0,1.0,83.0
1.0,0.0,5838.0,448.0,248.0,0.2,0.2,114398.0,54983.0,1.0,279.0,1070259.0,1.0,87.0
0.0,0.0,600.0,127.0,158.0,0.2,0.2,29801.0,52413.0,2.0,2019.0,1730618.0,1.0,96.0
0.0,0.0,359.0,51.0,30.0,0.2,0.2,272187.0,42273.0,1.6,2042.0,1767325.0,1.0,91.0
0.0,0.0,303.0,76.0,62.0,0.2,0.2,1029.0,8293.0,1.0,1344.0,1761853.0,1.0,98.0
1.0,1.0,2372.0,189.0,414.0,0.2,0.2,26824.0,40025.0,2.0,198.0,1067126.0,1.0,90.0
8.0,7.0,1663.0,93.0,78.0,0.2,0.2,43229.0,62330.0,2.6,583.0,1758885.0,1.0,87.0
1.0,0.0,1192.0,58.0,66.0,0.2,0.2,7578.0,57791.0,2.0,688.0,1062640.0,1.0,95.0
10.0,8.0,6647.0,235.0,228.0,0.2,0.2,14918.0,62481.0,3.0,358.0,1069267.0,1.0,88.0
1.0,0.0,2282.0,401.0,210.0,0.2,0.2,12692.0,54386.0,1.6,235.0,1742318.0,1.0,88.0
20.0,27.0,1209.0,99.0,42.0,1.0,1.6,417136.0,280732.0,2.6,1210.0,1760954.0,1.0,90.0
4.0,0.0,2631.0,223.0,106.0,0.8,0.8,114906.0,25591.0,1.8,696.0,1109129.0,1.0,90.0
17.0,25.0,1029.0,109.0,83.0,0.2,0.2,91929.0,20653.0,2.0,252.0,1012862.0,1.0,95.0
8.0,1.0,3635.0,133.0,138.0,1.4,3.4,84603.0,110664.0,3.4,3208.0,1539683.0,1.0,87.0
7.0,0.0,3992.0,268.0,243.0,4.41,3.01,107318.0,188650.0,2.4,686.0,1017114.0,1.0,76.0
0.0,0.0,289.0,63.0,30.0,0.2,0.2,233037.0,219508.0,3.4,134.0,1735434.0,1.0,97.0
2.0,0.0,2399.0,57.0,58.0,2.4,2.4,67724.0,39491.0,2.4,691.0,1763923.0,1.0,92.0
56.0,62.0,7214.0,430.0,266.0,5.0,2.8,541187.0,136387.0,4.2,656.0,1341658.0,1.0,77.0
45.0,22.0,3780.0,202.0,128.0,5.2,6.0,118963.0,39750.0,2.7,795.0,982021.0,1.0,77.0
14.0,2.0,1965.0,256.0,109.0,1.39,1.79,338545.0,17826.0,2.8,305.0,996413.0,1.0,89.0
1.0,1.0,2706.0,144.0,226.0,0.2,0.2,77750.0,480168.0,2.4,159.0,1386030.0,1.0,89.0
41.0,18.0,5068.0,365.0,189.0,5.4,10.8,394008.0,124046.0,9.4,2372.0,1326565.0,1.0,70.0
37.0,47.0,1448.0,111.0,111.0,1.4,1.2,94599.0,109802.0,3.0,600.0,1070943.0,1.0,87.0
6.0,2.0,3529.0,123.0,87.0,0.8,2.4,203737.0,45113.0,3.8,3325.0,1547805.0,1.0,87.0
21.0,18.0,2799.0,291.0,211.0,0.6,0.4,374814.0,259868.0,172.0,87.0,13.0,1.0,0.0
0.0,0.0,1146.0,86.0,88.0,0.2,0.2,45974.0,74323.0,3.0,310.0,1711723.0,1.0,94.0
4.0,2.0,445.0,41.0,15.0,2.0,2.0,89005.0,17012.0,1.2,11753.0,1891069.0,1.0,87.0
1.0,1.0,2913.0,167.0,107.0,0.2,0.2,9863.0,23225.0,2.6,219.0,1017912.0,1.0,95.0
8.0,2.0,3014.0,245.0,288.0,2.0,0.6,64641.0,482422.0,2.6,434.0,1016594.0,1.0,83.0
3.0,0.0,1639.0,113.0,163.0,0.4,1.2,433863.0,436736.0,2.2,436.0,976228.0,1.0,84.0
208.0,223.0,4083.0,309.0,198.0,5.6,17.2,783601.0,139522.0,3.2,172.0,1095856.0,1.0,66.0
165.0,144.0,3417.0,233.0,128.0,3.8,3.0,112558.0,74099.0,6.0,476.0,1307589.0,1.0,85.0
28.0,36.0,1326.0,75.0,50.0,0.4,2.0,84961.0,36739.0,2.0,4667.0,1732315.0,1.0,96.0
3.0,0.0,3612.0,223.0,148.0,1.0,0.8,170093.0,31671.0,2.2,154.0,1005722.0,1.0,81.0
15.0,1.0,1441.0,149.0,159.0,0.8,0.8,53265.0,118104.0,3.0,326.0,1060929.0,1.0,91.0
51.0,69.0,4418.0,377.0,286.0,1.2,4.0,201922.0,34319.0,6.2,1678.0,1386293.0,1.0,82.0
4.0,3.0,2319.0,163.0,134.0,1.0,3.99,144616.0,27375.0,1.0,410.0,1016651.0,1.0,92.0
1.0,0.0,1139.0,85.0,43.0,0.2,0.2,25711.0,5372.0,1.8,492.0,1742376.0,1.0,92.0
1.0,0.0,3105.0,288.0,178.0,0.4,0.6,170480.0,49000.0,1.5,181.0,1014231.0,1.0,88.0
1.0,1.0,6930.0,1136.0,656.0,0.8,1.2,133954.0,153745.0,2.6,189.0,1010837.0,1.0,81.0
13.0,1.0,2434.0,125.0,73.0,6.97,18.92,128305.0,29428.0,1.0,175.0,1057957.0,1.0,72.0
0.0,0.0,391.0,200.0,58.0,0.2,0.2,302625.0,295186.0,2.6,1319.0,1745824.0,1.0,96.0
2.0,1.0,2080.0,124.0,97.0,0.8,5.39,40902.0,39442.0,1.0,172.0,1026095.0,1.0,90.0
0.0,0.0,1079.0,16.0,24.0,0.2,0.2,2253.0,6504.0,1.0,8306.0,1864912.0,1.0,97.0
54.0,63.0,2491.0,207.0,119.0,2.0,3.0,1010051.0,85472.0,1.5,162.0,1069621.0,1.0,88.0
6.0,2.0,1080.0,164.0,85.0,0.4,0.6,135663.0,43467.0,3.4,317.0,1038767.0,1.0,95.0
1.0,1.0,764.0,96.0,49.0,0.2,0.2,241669.0,21943.0,2.5,539.0,1038814.0,1.0,95.0
2.0,0.0,1680.0,400.0,299.0,0.6,0.6,11734.0,13465.0,3.6,369.0,1712258.0,1.0,92.0
0.0,0.0,1479.0,46.0,38.0,0.2,0.2,3056.0,6332.0,1.0,4621.0,1828408.0,1.0,98.0
30.0,1.0,4917.0,365.0,143.0,7.0,19.4,268569.0,76831.0,3.4,168.0,1088946.0,1.0,68.0
17.0,4.0,3846.0,336.0,330.0,4.99,3.79,556898.0,415572.0,6.8,461.0,1544899.0,1.0,73.0
13.0,11.0,6133.0,387.0,212.0,1.6,4.4,789486.0,61672.0,1.3,686.0,1010558.0,1.0,81.0
25.0,31.0,2300.0,104.0,105.0,0.2,0.2,15051.0,30009.0,2.2,152.0,1710746.0,1.0,94.0
17.0,16.0,2075.0,135.0,79.0,0.2,0.2,11362.0,23344.0,1.0,1113.0,1081611.0,1.0,90.0
2.0,1.0,158.0,8.0,9.0,0.2,0.2,7007.0,3677.0,1.2,7739.0,1880280.0,1.0,99.0
3.0,1.0,2198.0,166.0,138.0,0.8,0.6,33606.0,97451.0,1.5,2096.0,1073008.0,1.0,91.0
54.0,34.0,5657.0,777.0,594.0,11.4,6.8,446525.0,68465.0,2.0,424.0,1031053.0,1.0,58.0
10.0,1.0,4471.0,407.0,444.0,5.81,4.41,304815.0,262405.0,1.4,193.0,1000760.0,1.0,75.0
1.0,0.0,1617.0,143.0,112.0,0.4,0.6,12219.0,3838.0,2.0,365.0,1382544.0,1.0,95.0
8.0,0.0,1397.0,98.0,71.0,0.0,0.0,130510.0,16704.0,1.0,135.0,1054590.0,1.0,94.0
72.0,35.0,3623.0,252.0,166.0,0.4,0.4,228362.0,86602.0,1.0,422.0,978666.0,1.0,87.0
10.0,1.0,3579.0,745.0,751.0,3.0,3.0,619936.0,638238.0,2.2,636.0,1059296.0,1.0,81.0
25.0,0.0,1420.0,165.0,98.0,6.19,18.16,300171.0,25054.0,1.0,339.0,1086665.0,1.0,81.0
60.0,71.0,2647.0,289.0,300.0,1.0,3.2,32797.0,37359.0,1.0,505.0,1101470.0,1.0,88.0
6.0,0.0,921.0,109.0,81.0,0.8,0.8,155425.0,33179.0,1.0,160.0,1092378.0,1.0,93.0
74.0,83.0,2313.0,310.0,162.0,1.8,3.2,324311.0,131691.0,5.0,848.0,1017496.0,1.0,78.0
74.0,80.0,2823.0,204.0,157.0,1.6,2.0,243756.0,101307.0,1.8,155.0,998654.0,1.0,82.0
39.0,61.0,2039.0,197.0,115.0,0.8,5.6,246681.0,29935.0,2.2,2055.0,1413619.0,1.0,88.0
1.0,0.0,505.0,35.0,33.0,0.2,0.2,3027.0,21246.0,2.2,1861.0,1074888.0,1.0,98.0
5.0,0.0,2641.0,265.0,216.0,3.4,1.0,84304.0,19404.0,1.3,240.0,1066467.0,1.0,85.0
14.0,10.0,3386.0,356.0,186.0,3.4,4.8,136801.0,50751.0,5.2,3755.0,1597365.0,1.0,85.0
1.0,0.0,1732.0,262.0,146.0,0.8,1.0,88635.0,22567.0,1.0,408.0,1121663.0,1.0,89.0
36.0,42.0,1327.0,179.0,180.0,3.2,1.0,87113.0,29424.0,2.2,3673.0,1773795.0,1.0,84.0
0.0,0.0,573.0,106.0,87.0,0.2,0.2,1787.0,17669.0,1.0,428.0,1726456.0,1.0,97.0
77.0,98.0,2220.0,146.0,90.0,0.4,1.8,111903.0,52092.0,1.3,148.0,1102810.0,1.0,90.0
54.0,68.0,1212.0,65.0,62.0,2.99,3.39,57338.0,45157.0,1.5,201.0,1059104.0,1.0,82.0
1.0,0.0,305.0,24.0,26.0,1.4,1.4,13475.0,8242.0,1.4,7402.0,1862813.0,1.0,97.0
19.0,0.0,2287.0,235.0,131.0,0.4,1.4,210667.0,135817.0,3.8,146.0,1112992.0,1.0,81.0
10.0,6.0,4048.0,316.0,210.0,0.4,0.4,346276.0,341507.0,4.0,420.0,1549619.0,1.0,90.0
31.0,23.0,1443.0,71.0,49.0,1.8,1.8,69060.0,15791.0,2.6,4697.0,1670915.0,1.0,93.0
35.0,3.0,3940.0,450.0,375.0,8.62,20.04,344858.0,244721.0,5.2,356.0,1098964.0,1.0,64.0
5.0,0.0,4134.0,284.0,165.0,1.4,2.0,240249.0,178420.0,3.2,3327.0,1337281.0,1.0,89.0
5.0,0.0,3744.0,172.0,117.0,0.6,2.0,174906.0,28502.0,1.0,162.0,1014147.0,1.0,83.0
7.0,2.0,1948.0,302.0,236.0,5.59,2.2,390970.0,260428.0,2.4,3458.0,1815641.0,1.0,83.0
3.0,0.0,1202.0,101.0,106.0,0.6,0.6,142319.0,88654.0,1.0,411.0,1061699.0,1.0,92.0
1.0,0.0,2100.0,78.0,80.0,0.6,3.0,66955.0,32083.0,2.0,263.0,1752520.0,1.0,94.0
1.0,1.0,227.0,10.0,15.0,0.4,1.0,7003.0,23179.0,1.2,7529.0,1878160.0,1.0,96.0
15.0,23.0,200.0,16.0,19.0,0.2,0.2,3376.0,1612.0,1.0,7250.0,1861542.0,1.0,97.0
3.0,1.0,1059.0,456.0,127.0,0.4,0.4,1005339.0,632144.0,550.0,93.0,7.0,1.0,0.0
87.0,7.0,3754.0,206.0,185.0,10.8,8.2,35220.0,86724.0,2.2,453.0,1716659.0,1.0,74.0
1.0,0.0,1295.0,124.0,122.0,0.2,0.2,2544.0,19444.0,2.7,635.0,1101223.0,1.0,94.0
1.0,1.0,242.0,24.0,34.0,0.2,0.2,1013.0,20783.0,2.0,1145.0,1723728.0,1.0,98.0
31.0,18.0,3012.0,183.0,102.0,1.0,1.0,173124.0,55477.0,2.8,5375.0,1416432.0,1.0,83.0
68.0,81.0,4483.0,538.0,375.0,0.2,0.2,607400.0,196340.0,1.8,137.0,1048723.0,1.0,86.0
33.0,7.0,3829.0,384.0,272.0,7.4,9.0,74593.0,51008.0,4.2,175.0,966250.0,1.0,73.0
21.0,1.0,5699.0,525.0,452.0,8.6,2.4,329026.0,20245.0,4.4,3792.0,1346574.0,1.0,74.0
3.0,2.0,1232.0,50.0,40.0,0.2,0.2,3482.0,41303.0,1.3,165.0,1063457.0,1.0,96.0
13.0,6.0,3189.0,199.0,96.0,1.6,3.6,189156.0,59636.0,2.4,888.0,1643034.0,1.0,91.0
38.0,37.0,990.0,120.0,103.0,1.2,1.6,45418.0,29320.0,1.0,519.0,1017666.0,1.0,90.0
3.0,0.0,2298.0,204.0,175.0,1.6,0.6,109711.0,89342.0,2.5,281.0,1004112.0,1.0,91.0
0.0,0.0,961.0,88.0,66.0,0.2,0.2,93061.0,15958.0,1.0,203.0,1011728.0,1.0,95.0
55.0,0.0,4652.0,302.0,223.0,16.17,36.93,180995.0,29681.0,1.0,187.0,1102798.0,1.0,52.0
16.0,12.0,3007.0,178.0,134.0,0.6,0.6,39887.0,66967.0,2.4,361.0,1628362.0,1.0,92.0
20.0,16.0,1462.0,204.0,109.0,2.99,3.79,520733.0,25120.0,1.8,658.0,1123840.0,1.0,82.0
20.0,17.0,2003.0,180.0,105.0,2.2,2.2,115928.0,48771.0,3.4,343.0,1018272.0,1.0,86.0
63.0,78.0,1702.0,175.0,80.0,1.4,3.0,67821.0,27096.0,1.3,846.0,1073826.0,1.0,91.0
27.0,19.0,2989.0,268.0,204.0,3.61,10.02,448136.0,389807.0,1.8,577.0,1084218.0,1.0,78.0
5.0,2.0,2282.0,166.0,124.0,0.4,0.4,97019.0,25076.0,1.8,500.0,974101.0,1.0,91.0
3.0,0.0,1036.0,117.0,28.0,2.0,2.8,231364.0,17195.0,1.4,1001.0,1762766.0,1.0,89.0
1.0,0.0,4547.0,172.0,138.0,0.2,0.2,8885.0,38067.0,1.0,2287.0,1112656.0,1.0,90.0
17.0,22.0,254.0,24.0,44.0,0.2,0.2,7140.0,28377.0,1.0,7465.0,1865982.0,1.0,96.0
16.0,0.0,1877.0,168.0,104.0,3.2,2.8,92379.0,38380.0,1.5,152.0,1056966.0,1.0,86.0
6.0,0.0,4386.0,398.0,270.0,1.4,4.2,627803.0,99226.0,2.5,284.0,1087445.0,1.0,82.0
7.0,2.0,1885.0,165.0,82.0,1.2,1.6,59639.0,44156.0,1.0,410.0,1067469.0,1.0,91.0
2.0,0.0,2812.0,169.0,69.0,1.6,2.4,151900.0,21265.0,1.8,1885.0,1753530.0,1.0,90.0
23.0,11.0,7183.0,819.0,707.0,10.78,5.79,619588.0,328356.0,1.8,821.0,1012409.0,1.0,59.0
6.0,3.0,4203.0,359.0,261.0,0.6,0.6,187068.0,195261.0,1.0,547.0,1053986.0,1.0,79.0
10.0,1.0,415.0,34.0,28.0,0.4,0.4,19380.0,10141.0,2.4,6428.0,1711995.0,1.0,96.0
3.0,1.0,538.0,23.0,53.0,1.8,3.6,42074.0,158460.0,1.2,6854.0,1853379.0,1.0,93.0
14.0,0.0,4895.0,693.0,480.0,10.0,14.6,323747.0,109589.0,1.5,136.0,1091562.0,1.0,62.0
1.0,1.0,159.0,12.0,10.0,0.2,0.2,8582.0,7064.0,1.0,7234.0,1847178.0,1.0,98.0
0.0,0.0,719.0,60.0,60.0,0.2,0.2,7281.0,19696.0,1.0,1124.0,1060267.0,1.0,97.0
12.0,3.0,4338.0,319.0,246.0,1.6,2.2,346697.0,139861.0,6.4,465.0,1290687.0,1.0,76.0
70.0,61.0,5313.0,469.0,331.0,2.99,3.19,274212.0,274987.0,4.2,137.0,1330298.0,1.0,80.0
17.0,13.0,940.0,82.0,71.0,0.8,3.8,8065.0,14248.0,2.0,4879.0,1673080.0,1.0,95.0
43.0,59.0,1132.0,132.0,95.0,0.4,0.4,69187.0,22703.0,3.0,207.0,978217.0,1.0,93.0
3.0,2.0,537.0,22.0,28.0,0.2,0.2,11166.0,12932.0,1.0,755.0,1036805.0,1.0,96.0
6.0,3.0,2822.0,113.0,92.0,0.8,2.59,179136.0,99896.0,2.2,264.0,1517261.0,1.0,90.0
1.0,0.0,295.0,31.0,17.0,0.8,4.2,71244.0,13475.0,2.4,521.0,1760613.0,1.0,97.0
2.0,1.0,616.0,73.0,36.0,1.8,2.0,176699.0,6604.0,3.4,248.0,1715482.0,1.0,94.0
21.0,6.0,1814.0,203.0,152.0,2.4,1.0,280020.0,77574.0,3.2,2847.0,1544379.0,1.0,87.0
80.0,101.0,1408.0,227.0,147.0,1.0,2.4,16443.0,20863.0,3.0,144.0,990772.0,1.0,85.0
0.0,0.0,132.0,6.0,9.0,0.2,0.2,416.0,4514.0,1.0,7739.0,1880280.0,1.0,99.0
12.0,0.0,3298.0,203.0,127.0,9.2,27.8,254710.0,57313.0,2.0,153.0,1077395.0,1.0,70.0
94.0,49.0,5163.0,410.0,292.0,7.2,17.4,254820.0,153663.0,1.0,541.0,1101859.0,1.0,62.0
23.0,7.0,3369.0,551.0,347.0,3.79,2.2,86636.0,45185.0,2.2,2732.0,973673.0,1.0,80.0
14.0,12.0,3259.0,198.0,92.0,2.2,3.8,234635.0,300332.0,5.0,2677.0,1605075.0,1.0,83.0
4.0,0.0,3437.0,274.0,158.0,3.4,9.0,368553.0,81473.0,1.7,793.0,1096205.0,1.0,80.0
0.0,0.0,403.0,63.0,56.0,0.2,0.2,251165.0,35837.0,1.6,1980.0,1763633.0,1.0,91.0
25.0,34.0,159.0,16.0,16.0,0.2,0.2,948.0,2479.0,2.0,9844.0,1869696.0,1.0,98.0
3.0,0.0,2691.0,128.0,81.0,0.8,2.2,14234.0,27960.0,1.0,636.0,1020024.0,1.0,91.0
74.0,67.0,3416.0,523.0,148.0,5.19,5.39,302580.0,28790.0,1.0,85.0,1026534.0,1.0,67.0
0.0,0.0,222.0,30.0,22.0,0.2,0.2,84896.0,5119.0,1.6,7302.0,1860350.0,1.0,97.0
0.0,0.0,3028.0,807.0,601.0,0.2,0.2,13703.0,22683.0,2.2,1183.0,1719400.0,1.0,88.0
3.0,0.0,2085.0,179.0,149.0,3.2,1.4,88147.0,9965.0,1.6,145.0,1750694.0,1.0,90.0
2.0,1.0,5162.0,461.0,286.0,1.8,4.4,704358.0,431868.0,3.8,1068.0,1438059.0,1.0,73.0
66.0,59.0,5976.0,1045.0,991.0,4.99,3.99,1104612.0,829940.0,1.0,715.0,1115499.0,1.0,64.0
7.0,0.0,4116.0,477.0,424.0,4.4,1.4,255848.0,196444.0,1.4,259.0,1073829.0,1.0,81.0
17.0,24.0,344.0,113.0,35.0,0.2,0.2,179355.0,7812.0,1.6,6461.0,1871491.0,1.0,96.0
7.0,3.0,2391.0,147.0,114.0,4.21,5.81,68390.0,36413.0,2.0,131.0,1093693.0,1.0,84.0
5.0,0.0,1477.0,78.0,104.0,1.4,1.2,99256.0,62865.0,3.5,701.0,1059029.0,1.0,88.0
37.0,41.0,2235.0,172.0,114.0,6.2,20.0,95632.0,32410.0,2.3,159.0,1107842.0,1.0,75.0
5.0,1.0,5290.0,300.0,320.0,0.0,0.2,214690.0,646119.0,2.0,302.0,985582.0,1.0,78.0
0.0,0.0,742.0,20.0,20.0,0.2,0.2,5277.0,9899.0,1.0,4601.0,1828424.0,1.0,97.0
2.0,0.0,2622.0,292.0,215.0,0.4,0.4,129694.0,96197.0,2.0,413.0,1069749.0,1.0,93.0
49.0,56.0,3621.0,183.0,144.0,1.6,2.4,306458.0,121162.0,2.8,1390.0,1544488.0,1.0,87.0
20.0,16.0,3029.0,394.0,253.0,0.6,0.4,203625.0,65382.0,3.8,168.0,1396573.0,1.0,90.0
2.0,0.0,2839.0,153.0,128.0,0.2,0.2,69921.0,134836.0,3.2,2963.0,1534675.0,1.0,88.0
2.0,0.0,322.0,37.0,30.0,0.8,1.2,51712.0,26236.0,1.0,492.0,1762806.0,1.0,95.0
6.0,2.0,1393.0,122.0,112.0,0.4,0.4,178327.0,40704.0,5.8,441.0,1054702.0,1.0,91.0
14.0,1.0,1939.0,143.0,91.0,2.59,10.18,373972.0,26795.0,560.0,88.0,11.0,1.0,0.0
0.0,0.0,995.0,34.0,84.0,0.2,0.2,13842.0,375855.0,1.0,8339.0,1864704.0,1.0,96.0
14.0,12.0,3754.0,222.0,137.0,0.2,0.2,264199.0,175965.0,3.8,3250.0,1339408.0,1.0,94.0
62.0,11.0,3587.0,174.0,142.0,11.8,35.4,74641.0,37564.0,5.2,314.0,1096350.0,1.0,63.0
0.0,0.0,1724.0,206.0,157.0,0.4,0.6,134961.0,336338.0,5.6,1883.0,1601197.0,1.0,90.0
3.0,1.0,3179.0,255.0,184.0,0.4,1.8,142564.0,143743.0,2.4,261.0,1535739.0,1.0,88.0
3.0,2.0,3379.0,264.0,170.0,1.6,5.0,73327.0,54095.0,1.0,353.0,986517.0,1.0,81.0
7.0,6.0,833.0,94.0,76.0,0.6,0.8,3504.0,22736.0,2.4,228.0,970579.0,1.0,94.0
15.0,1.0,3885.0,287.0,292.0,3.19,1.0,198469.0,81204.0,1.0,194.0,1049610.0,1.0,81.0
18.0,2.0,3344.0,172.0,100.0,3.6,8.0,368260.0,143396.0,5.2,2574.0,1551755.0,1.0,86.0
22.0,18.0,4418.0,351.0,216.0,4.0,5.0,301061.0,68449.0,2.0,1063.0,1008304.0,1.0,72.0
10.0,1.0,4460.0,524.0,419.0,7.0,1.8,441130.0,16790.0,3.6,442.0,1744293.0,1.0,71.0
24.0,37.0,1195.0,140.0,67.0,0.2,0.2,197189.0,16598.0,4.7,330.0,992792.0,1.0,93.0
6.0,0.0,3467.0,290.0,193.0,3.2,4.0,229265.0,293230.0,2.8,208.0,1518378.0,1.0,82.0
47.0,65.0,1732.0,224.0,248.0,1.8,2.2,114823.0,411178.0,2.2,980.0,1383302.0,1.0,84.0
8.0,2.0,1816.0,257.0,216.0,6.01,3.21,230537.0,47539.0,3.0,10875.0,1874171.0,1.0,78.0
5.0,4.0,809.0,72.0,62.0,0.2,0.2,5228.0,19660.0,142.0,96.0,4.0,1.0,0.0
6.0,5.0,2622.0,97.0,100.0,0.8,0.8,4307.0,6878.0,2.4,370.0,1453632.0,1.0,94.0
2.0,0.0,2799.0,145.0,91.0,0.8,0.8,42789.0,21865.0,1.6,1967.0,1753906.0,1.0,91.0
15.0,3.0,1203.0,61.0,34.0,1.6,1.8,163076.0,33674.0,2.4,2744.0,1542915.0,1.0,93.0
20.0,9.0,3878.0,152.0,79.0,2.6,9.4,94325.0,63872.0,5.8,3064.0,1604723.0,1.0,80.0
8.0,5.0,3788.0,268.0,287.0,1.4,2.6,131250.0,448735.0,3.2,314.0,1005253.0,1.0,81.0
3.0,1.0,575.0,81.0,44.0,1.8,1.6,59646.0,5592.0,2.4,593.0,1710902.0,1.0,95.0
7.0,1.0,1869.0,207.0,132.0,1.6,2.8,9959.0,103268.0,2.8,762.0,1532491.0,1.0,90.0
3.0,1.0,546.0,100.0,65.0,2.0,2.0,489966.0,509354.0,2.0,3786.0,1804230.0,1.0,83.0
25.0,22.0,2904.0,187.0,137.0,1.0,0.8,41485.0,57308.0,3.4,397.0,1326802.0,1.0,92.0
9.0,0.0,2215.0,185.0,167.0,7.62,20.04,333381.0,19480.0,2.7,214.0,1090602.0,1.0,75.0
27.0,11.0,4766.0,860.0,490.0,3.6,6.8,116408.0,63010.0,2.6,368.0,1538506.0,1.0,74.0
14.0,3.0,1522.0,144.0,117.0,2.2,4.19,196094.0,70633.0,2.2,335.0,1063077.0,1.0,88.0
1.0,0.0,4463.0,204.0,149.0,0.2,0.2,38837.0,41409.0,1.0,2124.0,1110435.0,1.0,88.0
1.0,1.0,484.0,53.0,27.0,0.4,0.4,133297.0,20706.0,1.0,8767.0,1835240.0,1.0,97.0
0.0,0.0,4622.0,443.0,202.0,0.6,1.0,332229.0,76821.0,2.0,248.0,1115422.0,1.0,83.0
34.0,44.0,2335.0,167.0,135.0,1.78,0.59,125037.0,31276.0,2.6,587.0,1012445.0,1.0,89.0
2.0,1.0,200.0,14.0,17.0,0.4,0.4,790.0,7577.0,1.0,7314.0,1864000.0,1.0,98.0
340.0,0.0,3475.0,228.0,193.0,2.8,1.4,142575.0,57016.0,2.8,3988.0,1708720.0,1.0,84.0
15.0,12.0,1613.0,154.0,112.0,0.4,1.8,23200.0,23589.0,1.6,149.0,972920.0,1.0,92.0
54.0,45.0,5845.0,361.0,921.0,0.8,2.0,247854.0,158248.0,2.8,145.0,1047979.0,1.0,83.0
7.0,1.0,776.0,70.0,47.0,0.4,0.4,13890.0,20383.0,1.0,244.0,1017748.0,1.0,97.0
83.0,53.0,1579.0,168.0,144.0,2.0,8.78,140579.0,103506.0,4.6,451.0,1601996.0,1.0,90.0
39.0,55.0,1791.0,133.0,82.0,0.4,0.4,11445.0,20407.0,1.6,2938.0,1050990.0,1.0,94.0
1.0,0.0,1704.0,82.0,159.0,0.2,0.2,59686.0,170281.0,1.4,7735.0,1867811.0,1.0,94.0
96.0,116.0,4373.0,231.0,243.0,2.0,7.19,135553.0,152248.0,6.2,8137.0,1361273.0,1.0,75.0
0.0,0.0,2435.0,112.0,95.0,0.2,0.2,10684.0,40132.0,1.5,749.0,1116725.0,1.0,92.0
10.0,3.0,5252.0,392.0,248.0,5.2,4.8,163743.0,100347.0,1.0,856.0,990546.0,1.0,73.0
0.0,0.0,876.0,81.0,61.0,0.2,0.2,2073.0,23892.0,2.3,445.0,990339.0,1.0,96.0
11.0,4.0,3794.0,340.0,304.0,4.0,2.2,174498.0,141499.0,1.2,466.0,1079363.0,1.0,80.0
7.0,0.0,2635.0,588.0,572.0,0.6,2.2,647485.0,572968.0,1.0,169.0,1047085.0,1.0,80.0
1.0,0.0,2574.0,77.0,155.0,0.4,0.4,5773.0,23044.0,2.2,672.0,1720138.0,1.0,93.0
2.0,1.0,837.0,42.0,50.0,0.4,0.6,3692.0,32235.0,1.5,771.0,1032677.0,1.0,95.0
6.0,1.0,2791.0,99.0,112.0,0.8,1.0,29288.0,89337.0,2.4,401.0,1083798.0,1.0,91.0
21.0,13.0,1258.0,92.0,64.0,0.4,0.4,27604.0,35912.0,2.2,1143.0,1714018.0,1.0,96.0
3.0,0.0,3562.0,228.0,151.0,1.2,1.8,453897.0,79788.0,3.4,1127.0,1044126.0,1.0,86.0
16.0,3.0,2257.0,323.0,294.0,6.4,1.8,233167.0,23197.0,2.8,7285.0,1874422.0,1.0,82.0
11.0,0.0,4669.0,536.0,460.0,8.38,2.4,389919.0,19976.0,3.4,4130.0,1720584.0,1.0,74.0
57.0,55.0,1123.0,107.0,79.0,0.2,0.2,20746.0,36718.0,1.4,941.0,972674.0,1.0,93.0
6.0,1.0,7448.0,1590.0,1544.0,4.4,1.6,1349215.0,1292798.0,1.7,725.0,1113125.0,1.0,60.0
19.0,2.0,2224.0,268.0,239.0,4.8,2.2,174928.0,82819.0,2.6,172.0,1522099.0,1.0,84.0
2.0,1.0,611.0,38.0,25.0,0.2,0.2,65100.0,26381.0,1.2,6636.0,1856024.0,1.0,97.0
21.0,8.0,5068.0,151.0,101.0,2.6,7.4,185450.0,48157.0,7.6,327.0,1309747.0,1.0,78.0
6.0,5.0,2534.0,157.0,154.0,0.2,0.2,40362.0,144448.0,3.0,2044.0,1642912.0,1.0,94.0
11.0,16.0,356.0,188.0,46.0,0.2,0.2,328899.0,301873.0,2.4,5744.0,1834547.0,1.0,95.0
104.0,135.0,2591.0,158.0,102.0,0.8,0.8,47110.0,43166.0,1.0,496.0,1028866.0,1.0,89.0
3.0,1.0,1299.0,258.0,126.0,0.4,0.4,194200.0,56983.0,3.2,967.0,1540414.0,1.0,94.0
4.0,0.0,2410.0,118.0,98.0,1.0,3.4,115205.0,174195.0,1.0,240.0,1053811.0,1.0,89.0
0.0,0.0,2595.0,174.0,146.0,0.2,0.2,84039.0,82244.0,1.0,156.0,1751064.0,1.0,94.0
196.0,197.0,7054.0,594.0,351.0,4.0,4.8,582061.0,265288.0,5.2,170.0,1339541.0,1.0,74.0
2.0,1.0,2288.0,147.0,119.0,0.2,0.2,111699.0,23476.0,1.6,281.0,1735946.0,1.0,90.0
7.0,1.0,554.0,73.0,19.0,2.8,3.0,280050.0,24740.0,1.6,11636.0,1886816.0,1.0,86.0
23.0,7.0,6426.0,916.0,583.0,12.8,5.8,774917.0,48759.0,1.8,269.0,970091.0,1.0,54.0
4.0,4.0,2215.0,208.0,206.0,1.0,1.2,225023.0,60418.0,1.5,318.0,1101534.0,1.0,88.0
2.0,1.0,929.0,133.0,17.0,0.6,1.2,1031503.0,55161.0,1.8,8515.0,1868604.0,1.0,93.0
7.0,0.0,3317.0,310.0,254.0,2.59,1.6,177917.0,128567.0,4.4,1470.0,1041161.0,1.0,84.0
2.0,2.0,4353.0,226.0,147.0,0.8,4.0,93265.0,40400.0,2.6,1090.0,1461510.0,1.0,88.0
6.0,6.0,794.0,150.0,101.0,0.6,0.6,15740.0,30957.0,1.2,687.0,1019849.0,1.0,92.0
42.0,60.0,1256.0,88.0,89.0,0.6,1.8,101694.0,34680.0,2.0,973.0,1130743.0,1.0,89.0
10.0,6.0,2698.0,154.0,95.0,0.6,2.0,41837.0,23966.0,2.8,313.0,1111091.0,1.0,91.0
1.0,1.0,182.0,13.0,14.0,0.4,0.4,1327.0,2502.0,2.0,9849.0,1866323.0,1.0,97.0
9.0,9.0,383.0,122.0,43.0,0.2,0.2,361823.0,114595.0,2.0,1390.0,1745830.0,1.0,95.0
6.0,1.0,2170.0,101.0,79.0,1.2,1.2,118152.0,67852.0,2.6,2011.0,1642163.0,1.0,94.0
67.0,72.0,2619.0,255.0,124.0,1.8,1.6,113326.0,50530.0,2.4,2215.0,1508795.0,1.0,87.0
1.0,1.0,178.0,12.0,13.0,0.2,0.2,7021.0,5203.0,1.0,7382.0,1865536.0,1.0,98.0
11.0,2.0,3354.0,380.0,249.0,0.6,2.0,361171.0,268701.0,3.0,273.0,1016677.0,1.0,77.0
86.0,47.0,2042.0,284.0,245.0,1.6,2.81,530893.0,179856.0,1.0,1319.0,1097717.0,1.0,87.0
1.0,1.0,201.0,28.0,20.0,0.2,0.2,21164.0,4068.0,1.2,7218.0,1847104.0,1.0,98.0
1.0,1.0,904.0,48.0,30.0,0.2,0.2,12169.0,6254.0,1.0,5050.0,1828856.0,1.0,97.0
3.0,2.0,1429.0,57.0,49.0,0.6,1.6,126556.0,58035.0,2.0,897.0,999174.0,1.0,93.0
4.0,0.0,915.0,128.0,42.0,1.0,1.2,296223.0,11187.0,2.8,5272.0,1724709.0,1.0,95.0
1.0,0.0,3573.0,106.0,114.0,0.4,0.6,75742.0,125259.0,1.8,448.0,1018682.0,1.0,92.0
0.0,0.0,2635.0,141.0,156.0,0.2,0.2,5803.0,19417.0,2.0,280.0,1705852.0,1.0,95.0
10.0,4.0,481.0,57.0,48.0,1.6,0.8,35708.0,35100.0,1.0,366.0,1742059.0,1.0,94.0
0.0,0.0,3918.0,405.0,245.0,0.2,0.2,73824.0,101855.0,1.5,135.0,1002566.0,1.0,88.0
0.0,0.0,2285.0,207.0,167.0,0.4,0.6,174265.0,45943.0,3.5,1224.0,1038943.0,1.0,90.0
13.0,11.0,3836.0,306.0,145.0,0.8,0.6,444375.0,52421.0,3.2,2432.0,1509254.0,1.0,87.0
3.0,1.0,2838.0,212.0,153.0,0.8,1.0,38724.0,46621.0,2.5,1197.0,1058146.0,1.0,91.0
3.0,1.0,667.0,55.0,91.0,2.0,3.0,56315.0,138603.0,1.0,5601.0,1841586.0,1.0,89.0
3.0,2.0,3492.0,124.0,92.0,0.4,0.4,9465.0,29079.0,1.5,142.0,983269.0,1.0,89.0
3.0,3.0,1920.0,208.0,147.0,1.2,2.6,340730.0,105979.0,2.0,662.0,989347.0,1.0,84.0
1.0,1.0,593.0,159.0,92.0,1.0,4.59,120581.0,81233.0,3.8,351.0,1734211.0,1.0,94.0
39.0,45.0,2827.0,242.0,116.0,6.79,24.15,288688.0,30965.0,1.5,256.0,1031297.0,1.0,69.0
6.0,0.0,2894.0,192.0,142.0,1.6,1.6,303095.0,170845.0,2.2,269.0,1065440.0,1.0,87.0
4.0,2.0,219.0,21.0,27.0,0.2,0.2,43529.0,29703.0,1.0,5332.0,1860462.0,1.0,96.0
1.0,0.0,145.0,14.0,14.0,0.2,0.2,27257.0,5846.0,2.0,3608.0,1821480.0,1.0,98.0
8.0,0.0,3360.0,194.0,111.0,0.4,0.2,223067.0,128505.0,3.6,3731.0,1342350.0,1.0,93.0
5.0,2.0,4650.0,466.0,237.0,0.4,0.8,166926.0,89156.0,7.2,371.0,1309459.0,1.0,83.0
3.0,0.0,4119.0,277.0,251.0,1.8,1.8,233930.0,404746.0,3.0,315.0,997440.0,1.0,72.0
2.0,1.0,3803.0,145.0,110.0,0.8,3.19,6064.0,21324.0,1.0,195.0,1013365.0,1.0,91.0
12.0,5.0,3497.0,381.0,174.0,6.0,16.6,234057.0,24578.0,1.8,170.0,1114086.0,1.0,77.0
17.0,23.0,225.0,13.0,13.0,0.4,1.6,17132.0,12514.0,1.2,4179.0,1821682.0,1.0,94.0
44.0,2.0,2544.0,190.0,105.0,10.82,32.46,387999.0,161319.0,1.0,265.0,1096840.0,1.0,63.0
1.0,0.0,1100.0,115.0,72.0,0.6,0.6,13332.0,29318.0,1.0,322.0,1015394.0,1.0,94.0
1.0,0.0,1171.0,177.0,100.0,0.8,0.4,130893.0,105178.0,5.6,4008.0,1605864.0,1.0,94.0
18.0,16.0,1828.0,238.0,179.0,1.0,2.2,301884.0,138239.0,4.8,278.0,1606438.0,1.0,91.0
3.0,1.0,429.0,60.0,30.0,2.4,2.4,60955.0,12806.0,1.6,8427.0,1837531.0,1.0,90.0
4.0,2.0,945.0,92.0,92.0,0.2,0.2,116107.0,76904.0,2.2,1454.0,1546534.0,1.0,96.0
5.0,1.0,413.0,42.0,50.0,0.4,0.4,20443.0,37574.0,1.0,172.0,1739796.0,1.0,96.0
3.0,1.0,3736.0,161.0,145.0,0.4,0.4,10611.0,211654.0,2.2,277.0,1382574.0,1.0,92.0
0.0,0.0,810.0,45.0,21.0,0.4,0.4,108170.0,5654.0,1.4,5136.0,1830157.0,1.0,96.0
0.0,0.0,1669.0,70.0,59.0,0.2,0.2,1920.0,6021.0,2.2,2913.0,1413325.0,1.0,96.0
18.0,15.0,7119.0,288.0,232.0,0.8,0.6,469495.0,104663.0,3.0,160.0,997265.0,1.0,79.0
9.0,5.0,4079.0,351.0,175.0,1.0,1.0,275337.0,46619.0,3.0,1331.0,1070187.0,1.0,85.0
71.0,102.0,3004.0,187.0,155.0,0.2,0.2,91873.0,70930.0,1.0,149.0,1013952.0,1.0,87.0
7.0,1.0,1415.0,163.0,120.0,0.6,0.8,60245.0,42952.0,1.0,1214.0,976187.0,1.0,89.0
9.0,4.0,1926.0,146.0,182.0,0.6,0.8,78004.0,123542.0,1.7,858.0,1046085.0,1.0,88.0
9.0,1.0,1925.0,167.0,90.0,7.2,20.0,249672.0,32180.0,1.5,219.0,1104314.0,1.0,77.0
8.0,2.0,3211.0,342.0,290.0,0.4,0.4,182187.0,136185.0,1.5,128.0,1044367.0,1.0,89.0
2.0,0.0,1897.0,186.0,116.0,0.4,0.4,96474.0,27958.0,1.0,1868.0,1098352.0,1.0,92.0
4.0,2.0,2161.0,188.0,131.0,1.2,2.79,793638.0,47907.0,2.6,128.0,1099957.0,1.0,79.0
12.0,1.0,4309.0,764.0,686.0,5.19,2.2,478330.0,364735.0,3.0,181.0,1003125.0,1.0,77.0
0.0,0.0,918.0,85.0,102.0,0.4,0.4,12093.0,24617.0,1.6,402.0,1060733.0,1.0,96.0
1.0,0.0,956.0,173.0,86.0,1.0,0.6,469212.0,30623.0,3.6,143.0,1704136.0,1.0,94.0
24.0,7.0,1528.0,263.0,157.0,1.6,2.4,136375.0,55872.0,1.2,194.0,984714.0,1.0,83.0
0.0,0.0,450.0,170.0,40.0,0.2,0.2,213146.0,200908.0,3.4,972.0,1744448.0,1.0,96.0
12.0,4.0,5671.0,179.0,125.0,2.4,4.8,357299.0,130956.0,4.4,148.0,1526715.0,1.0,75.0
7.0,5.0,1627.0,195.0,110.0,0.4,0.4,272063.0,84545.0,1.5,470.0,968790.0,1.0,89.0
5.0,1.0,2626.0,231.0,169.0,0.8,1.0,60891.0,52848.0,2.4,2294.0,1534176.0,1.0,90.0
19.0,13.0,3798.0,348.0,222.0,3.6,4.8,1013563.0,885994.0,1.3,660.0,1014594.0,1.0,77.0
3.0,1.0,2459.0,127.0,103.0,0.6,0.6,26388.0,76015.0,2.4,3145.0,1656507.0,1.0,94.0
2.0,0.0,2745.0,500.0,473.0,1.6,2.61,475622.0,350382.0,1.0,849.0,1131040.0,1.0,89.0
0.0,0.0,1369.0,245.0,109.0,0.2,0.2,27830.0,389081.0,2.2,5713.0,1817542.0,1.0,93.0
1.0,0.0,1030.0,49.0,34.0,0.4,0.2,94546.0,25256.0,1.2,717.0,1037518.0,1.0,93.0
38.0,56.0,1193.0,88.0,85.0,0.2,0.2,6800.0,23963.0,2.6,765.0,1131310.0,1.0,93.0
7.0,0.0,1846.0,103.0,62.0,6.4,24.6,269233.0,20339.0,1.3,238.0,1088765.0,1.0,77.0
1.0,0.0,409.0,33.0,24.0,0.6,2.6,1398.0,4392.0,2.2,1364.0,1713419.0,1.0,96.0
60.0,68.0,4080.0,602.0,525.0,3.78,1.79,378975.0,255371.0,1.6,249.0,1074040.0,1.0,78.0
42.0,5.0,1609.0,116.0,135.0,1.8,3.2,48167.0,115657.0,2.0,355.0,1065910.0,1.0,86.0
9.0,1.0,3577.0,430.0,226.0,3.39,3.59,114246.0,43469.0,3.4,160.0,993788.0,1.0,80.0
8.0,2.0,4094.0,314.0,202.0,2.2,2.81,399035.0,67149.0,1.6,298.0,997220.0,1.0,77.0
1.0,1.0,2357.0,51.0,70.0,0.2,0.2,48094.0,82282.0,1.6,8276.0,1839155.0,1.0,94.0
0.0,0.0,220.0,29.0,18.0,0.2,0.2,87868.0,11098.0,1.0,7253.0,1864013.0,1.0,98.0
1.0,0.0,205.0,28.0,22.0,0.2,0.2,881.0,5799.0,2.2,6193.0,1724072.0,1.0,99.0
4.0,2.0,4121.0,373.0,191.0,0.6,3.4,363786.0,349279.0,2.2,200.0,1010323.0,1.0,81.0
1.0,1.0,178.0,16.0,9.0,0.2,0.2,35893.0,3878.0,1.0,7263.0,1848069.0,1.0,98.0
12.0,8.0,2666.0,536.0,239.0,0.6,0.6,696898.0,693997.0,572.0,89.0,11.0,1.0,0.0
92.0,90.0,2612.0,243.0,170.0,2.6,1.6,67969.0,57978.0,3.0,688.0,1123032.0,1.0,86.0
3.0,1.0,368.0,80.0,41.0,0.4,3.4,149950.0,134453.0,3.2,2130.0,1733178.0,1.0,95.0
3.0,1.0,1102.0,109.0,61.0,0.2,0.2,22698.0,22482.0,6.2,171.0,1112885.0,1.0,94.0
8.0,6.0,2638.0,318.0,227.0,1.0,1.0,116691.0,55005.0,1.0,164.0,1096913.0,1.0,85.0
9.0,6.0,1538.0,145.0,100.0,0.2,0.2,240721.0,48736.0,355.0,93.0,7.0,1.0,0.0
16.0,10.0,1961.0,285.0,232.0,4.99,2.79,269925.0,39790.0,1.5,887.0,1006247.0,1.0,83.0
0.0,0.0,2525.0,119.0,123.0,0.2,0.2,73271.0,15365.0,2.4,129.0,1709570.0,1.0,94.0
2.0,1.0,448.0,120.0,32.0,1.2,0.8,268056.0,136239.0,2.4,6787.0,1835458.0,1.0,95.0
2.0,1.0,1259.0,72.0,60.0,0.4,0.2,205056.0,67970.0,1.6,4264.0,1822139.0,1.0,94.0
8.0,4.0,1885.0,145.0,78.0,1.0,1.0,170236.0,31127.0,2.7,110.0,1021736.0,1.0,89.0
2.0,0.0,1174.0,231.0,170.0,1.4,1.8,427110.0,115077.0,2.2,2524.0,1730254.0,1.0,87.0
27.0,16.0,3967.0,790.0,204.0,2.59,2.59,1889308.0,578939.0,171.0,68.0,30.0,1.0,0.0
17.0,12.0,4120.0,383.0,272.0,3.79,2.59,981550.0,821788.0,3.0,171.0,1013509.0,1.0,77.0
3.0,0.0,5439.0,284.0,198.0,0.6,3.2,184699.0,57465.0,3.0,568.0,1078104.0,1.0,89.0
1.0,0.0,652.0,27.0,28.0,0.4,1.0,2185.0,13897.0,1.5,271.0,1016312.0,1.0,97.0
2.0,1.0,208.0,13.0,31.0,0.2,0.2,6997.0,11887.0,1.0,6379.0,1856778.0,1.0,97.0
0.0,0.0,2376.0,87.0,69.0,0.2,0.2,2851.0,3983.0,2.0,316.0,1709720.0,1.0,93.0
159.0,40.0,2443.0,299.0,262.0,1.0,1.0,240375.0,209450.0,2.8,536.0,1069565.0,1.0,87.0
16.0,1.0,1933.0,419.0,153.0,0.2,0.2,404583.0,184246.0,4.8,2811.0,1603837.0,1.0,90.0
0.0,0.0,188.0,11.0,33.0,0.2,0.2,2439.0,6947.0,1.2,7725.0,1882294.0,1.0,98.0
8.0,1.0,3287.0,352.0,198.0,6.6,19.6,41143.0,56011.0,1.5,132.0,1114618.0,1.0,74.0
8.0,4.0,2576.0,334.0,159.0,1.4,2.8,630571.0,44851.0,2.2,363.0,1038963.0,1.0,84.0
0.0,0.0,220.0,19.0,18.0,0.2,0.2,1977.0,9515.0,1.0,1904.0,1750683.0,1.0,98.0
2.0,0.0,1343.0,74.0,56.0,0.2,0.2,89294.0,21447.0,1.3,147.0,1089664.0,1.0,97.0
39.0,0.0,2762.0,200.0,101.0,10.62,31.06,403480.0,59518.0,2.5,989.0,1110060.0,1.0,66.0
8.0,2.0,1116.0,81.0,91.0,1.2,1.4,59686.0,95337.0,2.2,1714.0,1538925.0,1.0,93.0
182.0,176.0,4748.0,327.0,235.0,1.6,2.6,276900.0,221153.0,3.8,147.0,1328122.0,1.0,81.0
33.0,42.0,2995.0,183.0,140.0,0.4,0.4,41711.0,69821.0,1.0,598.0,1077210.0,1.0,88.0
66.0,53.0,4338.0,354.0,220.0,6.97,19.12,207848.0,84626.0,3.0,159.0,1094373.0,1.0,64.0
1.0,0.0,1660.0,64.0,68.0,0.4,0.6,33268.0,84585.0,1.0,1270.0,1062068.0,1.0,94.0
15.0,0.0,4222.0,302.0,226.0,8.4,18.8,100520.0,35425.0,1.2,296.0,1082901.0,1.0,67.0
2.0,0.0,799.0,64.0,45.0,0.4,0.6,24644.0,17052.0,1.0,288.0,1745998.0,1.0,96.0
8.0,1.0,3276.0,193.0,145.0,1.8,3.2,41480.0,102652.0,1.0,1182.0,1111248.0,1.0,85.0
9.0,0.0,5384.0,534.0,447.0,7.77,5.38,366651.0,212196.0,1.2,582.0,1009565.0,1.0,67.0
1.0,0.0,3171.0,288.0,154.0,0.2,0.2,27450.0,52947.0,2.6,2588.0,1442398.0,1.0,88.0
43.0,25.0,6291.0,390.0,288.0,4.6,5.6,257974.0,192468.0,7.0,2339.0,1327936.0,1.0,74.0
10.0,10.0,983.0,184.0,84.0,0.2,0.2,248551.0,189255.0,3.2,2694.0,1583341.0,1.0,97.0
17.0,9.0,1048.0,124.0,69.0,1.0,1.4,683931.0,188394.0,1.0,309.0,1051283.0,1.0,76.0
18.0,2.0,4907.0,531.0,443.0,7.4,2.6,251588.0,29974.0,4.6,230.0,1330691.0,1.0,73.0
5.0,4.0,1506.0,166.0,98.0,0.6,1.6,94896.0,16612.0,1.7,217.0,1099789.0,1.0,93.0
3.0,1.0,3614.0,233.0,180.0,1.6,3.21,261234.0,80077.0,1.5,435.0,1117693.0,1.0,77.0
3.0,1.0,393.0,43.0,17.0,2.0,2.0,94596.0,20335.0,1.2,11813.0,1883888.0,1.0,89.0
50.0,61.0,2040.0,189.0,139.0,0.8,2.2,106948.0,41849.0,2.4,129.0,1106501.0,1.0,88.0
1.0,1.0,215.0,24.0,24.0,0.2,0.2,4481.0,10470.0,1.0,8767.0,1835301.0,1.0,98.0
44.0,27.0,3547.0,196.0,129.0,3.8,4.4,127785.0,39678.0,1.7,687.0,1106726.0,1.0,82.0
4.0,1.0,2237.0,278.0,169.0,0.6,0.6,156950.0,85934.0,2.0,451.0,989412.0,1.0,90.0
14.0,6.0,1594.0,232.0,206.0,5.6,6.8,332216.0,51673.0,1.0,258.0,982355.0,1.0,82.0
90.0,83.0,3018.0,296.0,128.0,5.19,5.59,296804.0,31129.0,1.0,559.0,1085472.0,1.0,72.0
9.0,1.0,333.0,40.0,31.0,0.2,0.2,66184.0,26605.0,2.0,3368.0,1819768.0,1.0,97.0
1.0,0.0,2313.0,261.0,227.0,0.6,0.8,7620.0,24670.0,1.0,152.0,1014445.0,1.0,89.0
13.0,6.0,5452.0,310.0,208.0,1.2,1.6,167956.0,44363.0,3.6,262.0,1322413.0,1.0,80.0
1.0,0.0,1203.0,150.0,77.0,0.8,2.0,644364.0,347794.0,2.6,271.0,1756702.0,1.0,89.0
3.0,2.0,831.0,162.0,110.0,0.2,0.2,13405.0,37243.0,1.5,147.0,1057486.0,1.0,95.0
13.0,4.0,3606.0,395.0,241.0,7.19,6.79,548681.0,397874.0,1.0,125.0,1076163.0,1.0,57.0
1.0,0.0,2083.0,172.0,132.0,1.0,1.2,21666.0,21076.0,3.0,334.0,1092141.0,1.0,89.0
18.0,26.0,256.0,26.0,22.0,0.2,0.2,2031.0,7574.0,2.2,860.0,1720098.0,1.0,98.0
2.0,0.0,473.0,48.0,50.0,0.2,0.2,35116.0,39123.0,2.0,399.0,1090394.0,1.0,97.0
17.0,26.0,247.0,23.0,35.0,0.2,0.2,89718.0,18693.0,1.2,7199.0,1874051.0,1.0,96.0
2.0,2.0,3072.0,273.0,172.0,0.8,1.0,223683.0,23110.0,2.5,758.0,1119720.0,1.0,87.0
17.0,1.0,1919.0,278.0,210.0,3.61,1.2,295943.0,60406.0,126.0,85.0,15.0,1.0,0.0
19.0,5.0,3533.0,200.0,170.0,0.8,0.8,48462.0,62104.0,1.8,387.0,1065178.0,1.0,90.0
9.0,2.0,1542.0,183.0,81.0,1.8,1.4,21281.0,15756.0,2.0,161.0,1065467.0,1.0,90.0
19.0,13.0,6576.0,978.0,227.0,5.8,17.2,2214365.0,56365.0,2.2,522.0,1097509.0,1.0,71.0
12.0,5.0,3192.0,363.0,257.0,5.6,4.4,145662.0,40099.0,2.0,322.0,1025882.0,1.0,78.0
2.0,1.0,166.0,12.0,18.0,0.2,0.2,9368.0,16392.0,1.4,8358.0,1868393.0,1.0,98.0
4.0,1.0,1148.0,170.0,88.0,2.4,2.79,829628.0,35348.0,3.0,147.0,1801689.0,1.0,84.0
30.0,3.0,3912.0,447.0,338.0,11.16,5.38,460650.0,120719.0,4.0,364.0,1039165.0,1.0,72.0
52.0,0.0,2393.0,97.0,75.0,12.8,37.0,133167.0,34177.0,1.7,127.0,1091302.0,1.0,64.0
42.0,3.0,3704.0,403.0,316.0,6.0,4.8,381160.0,118895.0,6.8,362.0,1316630.0,1.0,77.0
0.0,0.0,264.0,43.0,30.0,0.2,0.2,242664.0,22158.0,1.2,7598.0,1879750.0,1.0,98.0
1.0,0.0,4183.0,274.0,195.0,0.2,0.2,9067.0,51436.0,2.2,268.0,1063124.0,1.0,91.0
0.0,0.0,3227.0,387.0,186.0,0.2,0.2,111564.0,46429.0,1.4,303.0,1110995.0,1.0,90.0
72.0,47.0,3260.0,327.0,161.0,9.6,8.6,182659.0,86331.0,1.0,153.0,1062189.0,1.0,70.0
1.0,0.0,344.0,35.0,47.0,0.8,1.0,1606.0,4855.0,1.8,792.0,1760419.0,1.0,90.0
12.0,2.0,2763.0,366.0,256.0,6.2,4.8,310712.0,49538.0,1.8,498.0,1122262.0,1.0,76.0
6.0,1.0,2544.0,269.0,119.0,1.0,1.0,30350.0,34213.0,2.8,369.0,1536586.0,1.0,91.0
0.0,0.0,507.0,20.0,24.0,0.2,0.2,789.0,6978.0,1.0,7014.0,1861808.0,1.0,98.0
3.0,1.0,1298.0,80.0,56.0,0.6,0.6,141608.0,21016.0,1.0,120.0,1062837.0,1.0,91.0
4.0,1.0,469.0,53.0,27.0,2.0,2.2,146392.0,15978.0,1.2,8566.0,1834526.0,1.0,90.0
2.0,1.0,2578.0,243.0,174.0,0.6,1.0,89694.0,66911.0,1.3,832.0,1120236.0,1.0,89.0
3.0,2.0,4108.0,316.0,219.0,0.6,2.19,104272.0,176519.0,1.0,310.0,1000884.0,1.0,81.0
2.0,0.0,849.0,59.0,17.0,1.8,2.0,129696.0,10218.0,2.2,4106.0,1780830.0,1.0,87.0
39.0,39.0,822.0,45.0,38.0,1.0,0.8,13899.0,6834.0,2.0,4810.0,1672792.0,1.0,94.0
25.0,2.0,3772.0,286.0,250.0,3.6,3.2,380396.0,202088.0,5.2,250.0,1522648.0,1.0,75.0
1.0,0.0,1635.0,173.0,114.0,0.6,0.8,111740.0,27259.0,1.8,994.0,1127674.0,1.0,90.0
11.0,6.0,3739.0,243.0,172.0,0.6,0.8,112671.0,124393.0,2.5,1092.0,1022466.0,1.0,84.0
8.0,0.0,1646.0,162.0,129.0,1.2,1.2,29000.0,67970.0,1.7,200.0,1073063.0,1.0,90.0
14.0,5.0,5744.0,583.0,274.0,3.39,2.59,389123.0,235864.0,5.4,1434.0,1615471.0,1.0,78.0
0.0,0.0,3265.0,203.0,162.0,0.2,0.2,36774.0,258941.0,2.8,606.0,1016348.0,1.0,90.0
7.0,3.0,4580.0,458.0,378.0,2.2,0.8,196516.0,130871.0,1.5,189.0,1091019.0,1.0,81.0
13.0,9.0,1076.0,119.0,95.0,1.0,0.6,104474.0,56550.0,317.0,89.0,11.0,1.0,0.0
14.0,5.0,2150.0,332.0,247.0,2.6,0.8,432353.0,269208.0,395.0,81.0,19.0,1.0,0.0
4.0,0.0,583.0,49.0,46.0,3.0,2.8,88884.0,74076.0,1.0,6204.0,1849088.0,1.0,85.0
7.0,0.0,3478.0,716.0,203.0,5.99,19.16,1303922.0,52090.0,4.0,115.0,1101715.0,1.0,72.0
0.0,0.0,3530.0,183.0,163.0,0.6,3.2,10471.0,30606.0,1.6,410.0,1090200.0,1.0,90.0
59.0,82.0,1680.0,262.0,174.0,0.4,0.4,985090.0,421929.0,1.8,150.0,1017930.0,1.0,83.0
1.0,1.0,960.0,19.0,39.0,0.8,2.8,36531.0,156825.0,1.6,6927.0,1853190.0,1.0,95.0
3.0,0.0,4115.0,247.0,134.0,1.2,4.0,199866.0,106274.0,2.6,3433.0,1428013.0,1.0,87.0
2.0,0.0,2579.0,106.0,76.0,0.8,0.4,11166.0,7333.0,1.0,474.0,1730904.0,1.0,93.0
1.0,0.0,1885.0,371.0,181.0,0.2,0.2,15100.0,68437.0,3.6,179.0,1714126.0,1.0,91.0
20.0,4.0,2472.0,268.0,316.0,1.8,2.0,532635.0,766797.0,1.0,139.0,1024303.0,1.0,73.0
24.0,5.0,2198.0,134.0,137.0,1.4,1.4,49285.0,50462.0,2.8,914.0,1537662.0,1.0,89.0
10.0,5.0,1711.0,175.0,137.0,1.39,3.76,30699.0,34177.0,1.8,246.0,1042893.0,1.0,89.0
88.0,104.0,5849.0,473.0,441.0,8.4,16.0,241603.0,199394.0,1.0,153.0,1090811.0,1.0,62.0
16.0,1.0,2820.0,392.0,351.0,7.2,2.0,181685.0,14476.0,2.8,283.0,1738422.0,1.0,76.0
8.0,4.0,3912.0,275.0,216.0,3.2,2.6,156009.0,225504.0,2.6,371.0,1005256.0,1.0,77.0
29.0,41.0,2498.0,140.0,150.0,1.4,1.6,119383.0,32297.0,3.4,3996.0,1716054.0,1.0,87.0
0.0,0.0,172.0,17.0,20.0,0.2,0.2,446.0,4412.0,1.0,7388.0,1861860.0,1.0,98.0
7.0,1.0,1796.0,112.0,99.0,1.4,3.19,218630.0,187867.0,3.0,239.0,1514932.0,1.0,90.0
2.0,1.0,849.0,82.0,50.0,0.6,0.6,281290.0,10373.0,2.8,132.0,1438760.0,1.0,94.0
1.0,1.0,1115.0,36.0,29.0,0.8,1.6,24117.0,49679.0,1.2,8171.0,1838451.0,1.0,96.0
4.0,2.0,3682.0,404.0,178.0,0.6,1.0,250263.0,243861.0,4.2,274.0,1323344.0,1.0,90.0
42.0,61.0,4328.0,151.0,168.0,0.2,0.2,93311.0,244826.0,2.6,214.0,1385874.0,1.0,90.0
7.0,3.0,1360.0,115.0,99.0,2.4,3.4,80145.0,22427.0,1.8,495.0,1046338.0,1.0,91.0
1.0,0.0,2900.0,153.0,79.0,0.4,0.4,257398.0,59018.0,1.7,921.0,1017114.0,1.0,90.0
1.0,0.0,426.0,30.0,105.0,0.4,0.4,6559.0,11362.0,3.2,955.0,1714613.0,1.0,97.0
1.0,0.0,2085.0,245.0,145.0,0.4,0.6,38666.0,48507.0,2.0,202.0,1126938.0,1.0,90.0
1.0,0.0,1149.0,78.0,64.0,0.2,0.2,26968.0,17900.0,2.7,693.0,1062730.0,1.0,95.0
89.0,104.0,2799.0,177.0,127.0,1.8,1.6,251073.0,47060.0,2.8,3792.0,1767829.0,1.0,82.0
1.0,0.0,591.0,74.0,48.0,1.2,2.0,96343.0,17447.0,3.2,234.0,1719037.0,1.0,94.0
0.0,0.0,767.0,38.0,41.0,0.2,0.2,960.0,6172.0,1.4,975.0,1761416.0,1.0,91.0
65.0,23.0,4564.0,199.0,122.0,2.4,7.78,495455.0,54727.0,4.4,154.0,1316873.0,1.0,71.0
1.0,0.0,1817.0,128.0,103.0,0.4,1.8,26502.0,27641.0,1.0,201.0,1028013.0,1.0,94.0
5.0,0.0,3169.0,196.0,105.0,2.4,2.6,307553.0,104790.0,1.5,150.0,1129994.0,1.0,78.0
1.0,0.0,1939.0,118.0,80.0,0.4,0.2,136082.0,10325.0,1.0,705.0,1731995.0,1.0,93.0
10.0,1.0,2028.0,229.0,140.0,1.2,1.2,128849.0,44653.0,1.8,125.0,1068635.0,1.0,86.0
0.0,0.0,273.0,32.0,42.0,0.2,0.2,16418.0,23088.0,1.2,2666.0,1771728.0,1.0,95.0
9.0,0.0,3153.0,274.0,209.0,8.6,4.4,161102.0,12945.0,2.8,4265.0,1727141.0,1.0,77.0
6.0,0.0,1705.0,332.0,189.0,5.6,14.2,700086.0,111956.0,4.6,2050.0,1724243.0,1.0,76.0
21.0,3.0,1400.0,154.0,77.0,0.4,0.8,313266.0,20451.0,2.4,443.0,1061789.0,1.0,89.0
1.0,0.0,4146.0,275.0,190.0,1.2,3.4,823128.0,82198.0,2.8,269.0,1752118.0,1.0,87.0
54.0,66.0,2449.0,84.0,67.0,6.0,18.0,54266.0,34429.0,1.0,114.0,1061226.0,1.0,71.0
10.0,3.0,6340.0,208.0,154.0,1.0,1.4,171628.0,167282.0,2.8,3816.0,1338878.0,1.0,82.0
1.0,1.0,1158.0,50.0,51.0,0.2,0.2,8656.0,22441.0,1.4,7709.0,1871584.0,1.0,94.0
126.0,123.0,5600.0,350.0,224.0,0.4,0.6,290128.0,233814.0,3.6,1429.0,1323393.0,1.0,86.0
41.0,54.0,2578.0,193.0,108.0,1.2,1.4,212626.0,32407.0,1.0,910.0,1057162.0,1.0,83.0
2.0,0.0,2389.0,232.0,92.0,2.0,9.8,296312.0,53188.0,1.3,171.0,1037347.0,1.0,82.0
1.0,0.0,1518.0,66.0,70.0,0.2,0.2,12246.0,27009.0,1.0,233.0,1016173.0,1.0,94.0
4.0,0.0,5283.0,247.0,208.0,0.8,2.2,188986.0,59023.0,2.2,552.0,1068752.0,1.0,85.0
6.0,1.0,2099.0,143.0,114.0,0.8,0.8,68384.0,88662.0,2.4,2037.0,1546490.0,1.0,94.0
14.0,11.0,3731.0,238.0,185.0,0.8,3.39,145128.0,69890.0,1.0,382.0,992198.0,1.0,90.0
52.0,1.0,2405.0,203.0,131.0,13.2,37.8,263363.0,43204.0,2.8,316.0,1096304.0,1.0,62.0
1.0,1.0,184.0,17.0,18.0,0.2,0.2,8652.0,4487.0,1.0,7306.0,1863872.0,1.0,98.0
1.0,0.0,959.0,93.0,35.0,0.2,0.2,5607.0,10188.0,2.0,5951.0,1722552.0,1.0,97.0
1.0,0.0,322.0,63.0,34.0,0.2,0.2,321420.0,9762.0,2.4,1187.0,1766859.0,1.0,92.0
8.0,0.0,1359.0,111.0,76.0,6.79,19.96,37163.0,21005.0,1.0,316.0,1079813.0,1.0,81.0
3.0,0.0,1391.0,56.0,37.0,0.6,0.6,91372.0,17434.0,1.5,1600.0,1022271.0,1.0,95.0
10.0,2.0,2904.0,404.0,193.0,6.4,6.4,533415.0,300560.0,3.2,8710.0,1864650.0,1.0,80.0
19.0,21.0,2218.0,257.0,214.0,4.8,1.4,121798.0,10325.0,3.4,303.0,1709224.0,1.0,87.0
4.0,0.0,2075.0,254.0,204.0,3.4,1.0,110184.0,69205.0,1.4,130.0,1106848.0,1.0,87.0
7.0,0.0,2067.0,151.0,63.0,1.8,2.0,205488.0,170521.0,3.6,316.0,1331270.0,1.0,91.0
9.0,1.0,2014.0,195.0,88.0,3.39,4.19,595011.0,18782.0,1.5,237.0,1023778.0,1.0,85.0
193.0,24.0,4132.0,660.0,420.0,0.6,0.6,225963.0,131040.0,3.8,151.0,1326901.0,1.0,88.0
3.0,2.0,3798.0,389.0,219.0,0.8,2.0,129830.0,163040.0,5.6,1914.0,1005442.0,1.0,83.0
27.0,43.0,960.0,88.0,96.0,0.4,0.4,7834.0,15414.0,1.0,2113.0,1070729.0,1.0,94.0
3.0,0.0,652.0,28.0,18.0,2.4,2.6,66019.0,31317.0,1.0,8885.0,1871976.0,1.0,91.0
5.0,3.0,2373.0,250.0,133.0,0.2,0.2,121195.0,73791.0,5.4,162.0,1534834.0,1.0,93.0
3.0,2.0,1173.0,120.0,72.0,0.2,0.2,100626.0,25939.0,2.0,1174.0,1133376.0,1.0,94.0
30.0,40.0,2753.0,404.0,379.0,3.4,4.2,332007.0,232751.0,1.3,745.0,1127904.0,1.0,80.0
3.0,0.0,2457.0,226.0,203.0,3.39,2.59,87333.0,56444.0,1.0,192.0,1122643.0,1.0,86.0
0.0,0.0,1168.0,91.0,47.0,0.2,0.2,240604.0,20609.0,2.0,227.0,1741504.0,1.0,92.0
2.0,0.0,1125.0,103.0,65.0,1.8,1.6,29108.0,23369.0,1.0,422.0,992030.0,1.0,93.0
5.0,3.0,2625.0,136.0,117.0,1.0,0.8,20621.0,48605.0,1.0,478.0,1067037.0,1.0,90.0
89.0,99.0,1232.0,232.0,231.0,1.6,1.8,440049.0,450751.0,327.0,87.0,13.0,1.0,0.0
1.0,1.0,259.0,37.0,31.0,0.2,0.2,39112.0,11366.0,1.0,7274.0,1847232.0,1.0,97.0
1.0,0.0,282.0,40.0,9.0,0.8,1.0,224466.0,3420.0,1.2,6458.0,1871590.0,1.0,97.0
10.0,5.0,1268.0,141.0,95.0,1.0,0.8,48951.0,32716.0,2.6,432.0,974360.0,1.0,92.0
8.0,0.0,4790.0,433.0,374.0,6.6,5.4,193903.0,103264.0,4.6,189.0,1397792.0,1.0,73.0
14.0,21.0,616.0,65.0,60.0,0.4,1.2,4531.0,36791.0,3.4,992.0,1716653.0,1.0,93.0
78.0,18.0,1979.0,306.0,184.0,6.6,6.6,81263.0,90651.0,2.8,275.0,973173.0,1.0,78.0
0.0,0.0,203.0,28.0,24.0,0.2,0.2,627.0,4744.0,1.0,1311.0,1749170.0,1.0,98.0
8.0,6.0,1627.0,284.0,263.0,1.0,1.0,31480.0,59363.0,1.7,406.0,1099387.0,1.0,90.0
869.0,12.0,3509.0,166.0,155.0,4.2,5.0,91358.0,144560.0,4.0,236.0,1513158.0,1.0,69.0
15.0,3.0,4027.0,274.0,158.0,11.6,33.6,295178.0,43767.0,1.0,582.0,1092362.0,1.0,60.0
50.0,59.0,678.0,54.0,96.0,0.4,0.2,54423.0,111830.0,1.0,495.0,1065461.0,1.0,94.0
45.0,0.0,3910.0,282.0,166.0,11.58,32.73,103815.0,31905.0,1.8,142.0,1101212.0,1.0,61.0
60.0,5.0,3777.0,198.0,102.0,12.4,33.6,117384.0,28568.0,1.6,1086.0,1107486.0,1.0,58.0
0.0,0.0,1169.0,61.0,49.0,0.2,0.2,1730.0,19355.0,4.6,260.0,1104173.0,1.0,94.0
31.0,17.0,1373.0,130.0,81.0,2.8,5.0,152019.0,94826.0,2.8,1606.0,1537723.0,1.0,89.0
2.0,2.0,1479.0,213.0,153.0,0.4,0.2,88759.0,45182.0,1.7,638.0,1120110.0,1.0,93.0
14.0,20.0,1384.0,40.0,30.0,0.2,0.2,97418.0,10952.0,1.2,8234.0,1863248.0,1.0,97.0
21.0,7.0,2366.0,157.0,127.0,0.6,0.8,33344.0,46142.0,1.8,321.0,976061.0,1.0,89.0
23.0,21.0,5713.0,494.0,292.0,2.0,2.4,131673.0,84262.0,1.5,144.0,1006877.0,1.0,74.0
3.0,1.0,2494.0,115.0,124.0,0.2,0.4,7864.0,20509.0,2.0,1095.0,1719574.0,1.0,94.0
44.0,50.0,2470.0,96.0,84.0,1.2,1.2,38426.0,50268.0,2.4,1232.0,1636173.0,1.0,92.0
0.0,0.0,248.0,16.0,29.0,0.6,0.4,800.0,7862.0,1.8,970.0,1757734.0,1.0,89.0
5.0,1.0,3459.0,140.0,163.0,1.8,1.8,81599.0,264271.0,2.0,507.0,1019634.0,1.0,85.0
4.0,1.0,2123.0,352.0,198.0,0.4,0.6,22142.0,32892.0,1.4,252.0,1750914.0,1.0,93.0
81.0,46.0,3787.0,318.0,276.0,1.6,1.8,468759.0,221749.0,1.0,188.0,1094873.0,1.0,80.0
105.0,59.0,3864.0,315.0,253.0,13.4,33.0,294096.0,50699.0,1.0,253.0,1093803.0,1.0,58.0
20.0,28.0,360.0,29.0,20.0,0.6,0.6,53449.0,12945.0,1.2,247.0,1756248.0,1.0,92.0
10.0,6.0,3269.0,216.0,143.0,2.6,7.0,60686.0,42719.0,2.4,647.0,1536179.0,1.0,81.0
3.0,1.0,1329.0,131.0,74.0,1.0,1.0,115563.0,85464.0,1.0,232.0,1054184.0,1.0,90.0
1.0,0.0,4123.0,257.0,213.0,0.2,1.0,607636.0,329374.0,5.2,311.0,1003229.0,1.0,81.0
0.0,0.0,964.0,94.0,50.0,0.2,0.2,307373.0,17623.0,2.0,666.0,1757760.0,1.0,85.0
14.0,14.0,1537.0,143.0,87.0,0.4,1.8,27376.0,23777.0,2.0,1188.0,1458336.0,1.0,95.0
3.0,2.0,743.0,111.0,64.0,0.6,1.2,529504.0,300696.0,2.6,3672.0,1811698.0,1.0,91.0
7.0,0.0,1629.0,264.0,238.0,5.2,1.4,152408.0,20174.0,2.2,8355.0,1864778.0,1.0,87.0
22.0,29.0,1049.0,38.0,91.0,0.4,0.4,20253.0,382942.0,1.2,8378.0,1865056.0,1.0,93.0
13.0,19.0,978.0,63.0,53.0,0.2,0.2,5099.0,18390.0,2.2,1040.0,1718776.0,1.0,97.0
43.0,35.0,1386.0,193.0,127.0,1.39,2.39,174523.0,35983.0,1.3,206.0,986542.0,1.0,84.0
12.0,6.0,1579.0,52.0,71.0,4.01,3.61,109697.0,163903.0,1.0,186.0,1131263.0,1.0,78.0
2.0,1.0,1767.0,170.0,62.0,0.8,0.8,119982.0,9697.0,1.6,5910.0,1863094.0,1.0,95.0
19.0,24.0,726.0,57.0,32.0,1.6,1.8,148958.0,4821.0,1.8,1695.0,1768030.0,1.0,88.0
1.0,0.0,1275.0,175.0,128.0,0.2,0.2,156250.0,60607.0,2.0,135.0,1089264.0,1.0,89.0
20.0,11.0,2590.0,210.0,119.0,1.8,1.8,388668.0,216314.0,5.0,434.0,1315821.0,1.0,85.0
5.0,1.0,729.0,91.0,27.0,1.4,1.8,65918.0,2998.0,1.8,1584.0,1766574.0,1.0,88.0
1.0,1.0,1534.0,182.0,94.0,0.2,0.2,4389.0,14758.0,1.2,399.0,1117269.0,1.0,92.0
47.0,65.0,3012.0,269.0,110.0,1.6,3.6,913173.0,28574.0,1.0,151.0,1088790.0,1.0,83.0
39.0,23.0,3674.0,318.0,177.0,2.59,3.59,160120.0,78498.0,2.6,223.0,1624016.0,1.0,85.0
4.0,2.0,2741.0,250.0,155.0,0.8,1.2,768769.0,116500.0,1.2,323.0,1018675.0,1.0,86.0
26.0,37.0,1000.0,205.0,108.0,0.2,0.2,9145.0,42305.0,1.0,140.0,1057504.0,1.0,94.0
30.0,15.0,2435.0,207.0,143.0,2.8,5.2,78379.0,63231.0,1.0,574.0,1073299.0,1.0,85.0
13.0,0.0,2594.0,417.0,362.0,6.8,2.4,217746.0,24709.0,3.0,432.0,1742651.0,1.0,79.0
27.0,21.0,3859.0,373.0,197.0,3.99,10.18,290104.0,55249.0,1.7,385.0,1017758.0,1.0,80.0
10.0,2.0,2445.0,149.0,90.0,2.0,2.2,117296.0,33231.0,2.2,1678.0,1532469.0,1.0,89.0
3.0,1.0,1850.0,76.0,60.0,0.2,0.2,34911.0,74165.0,1.3,302.0,1125887.0,1.0,91.0
23.0,11.0,5333.0,181.0,109.0,3.19,9.38,338051.0,149661.0,5.2,2477.0,1543837.0,1.0,73.0
73.0,71.0,6221.0,275.0,148.0,6.0,18.0,281372.0,83399.0,1.5,1504.0,1109962.0,1.0,74.0
27.0,5.0,6165.0,861.0,380.0,4.4,6.8,671262.0,217361.0,5.4,2541.0,1645075.0,1.0,76.0
2.0,0.0,954.0,85.0,95.0,0.2,0.2,36587.0,95983.0,2.4,1586.0,1538088.0,1.0,97.0
2.0,0.0,429.0,79.0,46.0,0.4,0.6,175471.0,10085.0,2.2,6279.0,1710480.0,1.0,97.0
58.0,84.0,2633.0,150.0,135.0,1.0,1.0,50178.0,113357.0,1.5,668.0,1055989.0,1.0,87.0
11.0,10.0,568.0,56.0,56.0,0.6,1.2,11724.0,22513.0,2.0,660.0,1008230.0,1.0,96.0
19.0,1.0,3302.0,238.0,139.0,3.01,4.41,522596.0,56297.0,389.0,84.0,16.0,1.0,0.0
17.0,13.0,4600.0,429.0,163.0,5.0,16.0,273023.0,45381.0,1.0,155.0,1020013.0,1.0,76.0
13.0,1.0,4137.0,197.0,96.0,10.2,33.6,209720.0,39281.0,1.0,226.0,1032648.0,1.0,62.0
18.0,2.0,3359.0,225.0,142.0,3.8,4.4,139993.0,194535.0,4.2,1493.0,1331178.0,1.0,89.0
29.0,37.0,1786.0,175.0,175.0,1.8,1.0,64650.0,70255.0,2.0,629.0,1101022.0,1.0,88.0
2.0,1.0,2201.0,96.0,49.0,0.6,1.4,365028.0,209294.0,3.2,2689.0,1730584.0,1.0,90.0
13.0,4.0,3954.0,806.0,172.0,0.8,0.4,1927635.0,34038.0,2.0,201.0,1018061.0,1.0,84.0
2.0,1.0,2239.0,103.0,70.0,0.2,0.2,140629.0,39509.0,2.6,2388.0,1406923.0,1.0,95.0
2.0,0.0,916.0,125.0,82.0,2.0,1.0,345868.0,252498.0,2.8,1062.0,1756469.0,1.0,91.0
2.0,1.0,1274.0,143.0,103.0,0.6,0.6,33226.0,41914.0,3.2,2869.0,1049982.0,1.0,93.0
2.0,0.0,788.0,91.0,73.0,1.4,1.6,171714.0,142275.0,2.0,6410.0,1848032.0,1.0,91.0
10.0,1.0,3429.0,191.0,201.0,1.0,1.8,114285.0,50592.0,3.7,699.0,1039192.0,1.0,82.0
1.0,0.0,510.0,85.0,58.0,0.2,0.2,1802.0,5367.0,2.2,406.0,1717720.0,1.0,96.0
14.0,3.0,3542.0,360.0,259.0,3.4,1.2,458811.0,147720.0,2.0,225.0,1077714.0,1.0,81.0
0.0,0.0,193.0,15.0,25.0,0.2,0.2,2179.0,7422.0,1.0,7105.0,1873392.0,1.0,98.0
21.0,6.0,5507.0,368.0,364.0,2.0,7.98,161511.0,11168.0,4.6,1527.0,1638571.0,1.0,81.0
1.0,0.0,468.0,39.0,29.0,0.8,2.4,84829.0,9977.0,1.2,1272.0,1760781.0,1.0,96.0
17.0,3.0,2898.0,418.0,314.0,5.2,6.2,464006.0,176648.0,4.4,2384.0,1645445.0,1.0,81.0
2.0,0.0,1770.0,95.0,74.0,0.6,0.6,10302.0,37454.0,2.0,164.0,1057232.0,1.0,94.0
83.0,108.0,2950.0,250.0,220.0,0.2,0.2,130756.0,75616.0,477.0,86.0,14.0,1.0,0.0
7.0,2.0,2404.0,211.0,153.0,1.4,2.61,76530.0,43705.0,298.0,89.0,11.0,1.0,0.0
28.0,44.0,1901.0,49.0,46.0,0.2,0.2,1549.0,7356.0,2.2,978.0,1761437.0,1.0,85.0
6.0,3.0,320.0,21.0,77.0,0.6,1.0,23609.0,116219.0,2.0,6521.0,1705557.0,1.0,97.0
3.0,1.0,543.0,95.0,19.0,2.2,2.2,468258.0,28996.0,1.4,11462.0,1881400.0,1.0,88.0
7.0,1.0,4504.0,303.0,255.0,1.2,1.8,164442.0,165346.0,1.4,150.0,1000069.0,1.0,80.0
28.0,38.0,4703.0,234.0,187.0,2.6,0.8,63062.0,24504.0,1.0,185.0,1015110.0,1.0,86.0
9.0,7.0,2523.0,214.0,104.0,0.6,0.6,50827.0,31696.0,6.0,1730.0,1314139.0,1.0,92.0
19.0,20.0,2914.0,153.0,118.0,0.6,0.8,73684.0,96738.0,1.5,1676.0,1114847.0,1.0,89.0
42.0,0.0,3642.0,187.0,119.0,10.78,32.53,244853.0,34785.0,1.2,284.0,1092806.0,1.0,62.0
13.0,11.0,991.0,120.0,151.0,1.4,1.6,46652.0,39307.0,1.0,359.0,1012294.0,1.0,92.0
3.0,0.0,1354.0,152.0,100.0,2.0,4.81,403622.0,26061.0,1.8,392.0,1067513.0,1.0,84.0
101.0,105.0,4419.0,139.0,78.0,5.0,7.2,352137.0,75612.0,8.4,578.0,1308730.0,1.0,74.0
3.0,2.0,842.0,94.0,74.0,0.2,0.2,14825.0,35144.0,1.0,219.0,1003526.0,1.0,94.0
2.0,1.0,1162.0,128.0,142.0,0.2,0.2,100251.0,105326.0,2.0,198.0,1708232.0,1.0,92.0
18.0,1.0,5416.0,305.0,152.0,15.0,13.6,353139.0,55246.0,2.2,204.0,977618.0,1.0,51.0
20.0,0.0,2710.0,115.0,144.0,0.6,0.6,16730.0,61107.0,1.0,183.0,1018200.0,1.0,90.0
4.0,1.0,487.0,45.0,24.0,2.2,2.2,98727.0,64366.0,1.0,7553.0,1865453.0,1.0,88.0
0.0,0.0,256.0,45.0,21.0,0.2,0.2,254806.0,15333.0,1.0,7321.0,1863888.0,1.0,98.0
7.0,0.0,3237.0,403.0,344.0,6.6,1.8,242204.0,61619.0,2.4,7714.0,1871030.0,1.0,79.0
0.0,0.0,946.0,67.0,43.0,0.2,0.2,121879.0,14862.0,2.3,766.0,1032696.0,1.0,97.0
1.0,0.0,2514.0,120.0,99.0,0.8,1.2,276080.0,32472.0,1.6,205.0,1749656.0,1.0,94.0
2.0,0.0,401.0,36.0,38.0,1.6,1.6,93100.0,32813.0,2.0,158.0,1784021.0,1.0,85.0
2.0,0.0,2990.0,198.0,139.0,0.2,0.2,54856.0,115878.0,4.8,548.0,1019227.0,1.0,89.0
5.0,1.0,1526.0,181.0,162.0,3.99,1.2,100316.0,14250.0,1.2,7310.0,1869344.0,1.0,90.0
3.0,0.0,464.0,39.0,35.0,2.0,2.0,73449.0,37326.0,2.2,2652.0,1796053.0,1.0,81.0
14.0,11.0,5925.0,383.0,230.0,1.4,6.2,153597.0,50906.0,9.4,296.0,1001605.0,1.0,81.0
18.0,26.0,1425.0,83.0,50.0,2.61,2.4,177846.0,24584.0,1.0,8610.0,1870708.0,1.0,89.0
9.0,8.0,1089.0,43.0,31.0,0.2,0.2,6914.0,18059.0,1.0,664.0,1017936.0,1.0,95.0
2.0,1.0,506.0,28.0,51.0,0.6,0.4,45758.0,37433.0,1.2,7424.0,1876323.0,1.0,96.0
4.0,3.0,4345.0,352.0,222.0,1.0,2.4,471573.0,148396.0,1.0,551.0,1007046.0,1.0,81.0
1.0,0.0,1372.0,66.0,41.0,0.2,0.2,17950.0,17530.0,1.4,986.0,1066130.0,1.0,94.0
5.0,0.0,565.0,89.0,32.0,2.4,3.0,46465.0,10275.0,1.2,7727.0,1879814.0,1.0,92.0
2.0,1.0,3917.0,148.0,126.0,1.6,1.8,76308.0,115810.0,1.6,225.0,1019128.0,1.0,87.0
1.0,0.0,2528.0,246.0,143.0,0.6,1.8,31990.0,48475.0,2.3,828.0,1116351.0,1.0,88.0
11.0,8.0,5409.0,520.0,317.0,1.39,1.99,120655.0,113146.0,4.2,248.0,1005404.0,1.0,77.0
1.0,1.0,332.0,58.0,17.0,0.2,0.2,343314.0,5858.0,1.2,7369.0,1861876.0,1.0,97.0
11.0,1.0,2323.0,192.0,131.0,1.0,2.0,317087.0,135869.0,2.4,872.0,1539085.0,1.0,91.0
0.0,0.0,1376.0,38.0,67.0,0.2,0.2,4051.0,31919.0,1.2,262.0,1750968.0,1.0,96.0
15.0,23.0,309.0,47.0,70.0,0.2,0.2,4288.0,10154.0,2.4,1929.0,1769096.0,1.0,91.0
0.0,0.0,788.0,102.0,48.0,0.2,0.2,191141.0,180333.0,3.2,449.0,1728448.0,1.0,97.0
9.0,0.0,3170.0,444.0,385.0,9.42,2.81,239357.0,23472.0,1.2,207.0,1748329.0,1.0,77.0
10.0,3.0,3768.0,463.0,264.0,2.2,0.8,235474.0,60534.0,1.0,157.0,1099117.0,1.0,81.0
13.0,1.0,2022.0,116.0,84.0,1.0,4.4,15760.0,28782.0,2.4,286.0,1115763.0,1.0,87.0
31.0,46.0,3827.0,330.0,155.0,0.4,0.6,372450.0,49765.0,1.5,255.0,1117835.0,1.0,85.0
1.0,0.0,1176.0,123.0,119.0,0.6,0.6,94557.0,174600.0,2.6,866.0,1015700.0,1.0,92.0
7.0,0.0,2834.0,43.0,43.0,1.6,1.6,110077.0,45701.0,2.2,1366.0,1637480.0,1.0,91.0
0.0,0.0,224.0,27.0,24.0,0.2,0.2,593.0,5597.0,1.2,990.0,1761512.0,1.0,93.0
3.0,0.0,2582.0,482.0,157.0,3.59,3.79,715262.0,181985.0,2.5,149.0,1113241.0,1.0,73.0
30.0,41.0,1298.0,133.0,179.0,1.4,1.8,240956.0,551071.0,1.8,845.0,1723450.0,1.0,79.0
36.0,11.0,2058.0,107.0,122.0,2.2,2.4,122788.0,35607.0,2.0,156.0,973878.0,1.0,87.0
0.0,0.0,1669.0,104.0,64.0,0.2,0.2,3101.0,16334.0,1.8,989.0,1761502.0,1.0,92.0
3.0,2.0,2557.0,130.0,155.0,0.4,0.4,7007.0,17054.0,2.2,1427.0,1725170.0,1.0,94.0
1.0,0.0,2154.0,78.0,121.0,0.2,0.2,8958.0,19002.0,2.2,750.0,1720262.0,1.0,95.0
19.0,27.0,405.0,74.0,57.0,0.2,0.2,8428.0,13321.0,1.0,397.0,1742846.0,1.0,96.0
0.0,0.0,1911.0,97.0,75.0,0.2,0.2,110056.0,30130.0,2.0,4101.0,1776888.0,1.0,89.0
44.0,62.0,1186.0,110.0,108.0,0.8,0.8,119701.0,57634.0,1.7,276.0,974613.0,1.0,88.0
2.0,0.0,1623.0,83.0,139.0,0.4,0.4,279844.0,334809.0,1.6,300.0,1074008.0,1.0,83.0
22.0,19.0,2425.0,207.0,119.0,0.4,0.6,37916.0,28731.0,3.6,7675.0,1371205.0,1.0,93.0
16.0,15.0,623.0,130.0,61.0,0.2,0.2,228717.0,134209.0,4.6,578.0,1742218.0,1.0,94.0
7.0,1.0,3917.0,412.0,362.0,0.2,0.2,311329.0,190481.0,3.2,224.0,1046589.0,1.0,84.0
0.0,0.0,139.0,13.0,12.0,0.2,0.2,979.0,5195.0,1.0,321.0,1755848.0,1.0,98.0
10.0,9.0,1459.0,145.0,74.0,0.2,0.2,376077.0,21897.0,3.2,955.0,975478.0,1.0,94.0
17.0,8.0,2105.0,204.0,135.0,6.4,18.0,135636.0,28884.0,4.0,143.0,1090653.0,1.0,75.0
21.0,6.0,4489.0,502.0,165.0,1.2,4.39,332391.0,57132.0,2.0,722.0,986702.0,1.0,80.0
2.0,0.0,1328.0,150.0,99.0,0.4,0.6,89429.0,107747.0,1.8,337.0,1062886.0,1.0,92.0
0.0,0.0,254.0,32.0,22.0,0.4,0.2,99193.0,8531.0,1.2,7646.0,1870685.0,1.0,97.0
14.0,2.0,3735.0,239.0,226.0,3.0,1.4,159807.0,115748.0,3.8,3534.0,1551085.0,1.0,86.0
1.0,1.0,212.0,21.0,26.0,0.2,0.2,70143.0,40111.0,1.0,6223.0,1857336.0,1.0,95.0
11.0,1.0,4579.0,228.0,149.0,1.6,1.6,117336.0,61540.0,3.2,1838.0,1391714.0,1.0,85.0
14.0,9.0,4058.0,263.0,227.0,7.01,4.41,173227.0,92769.0,2.0,293.0,1123827.0,1.0,75.0
10.0,0.0,1687.0,277.0,236.0,5.0,1.6,133461.0,7138.0,2.0,6313.0,1723896.0,1.0,88.0
24.0,0.0,6552.0,523.0,336.0,9.4,16.2,1159856.0,57651.0,3.2,281.0,1092915.0,1.0,58.0
34.0,45.0,4051.0,198.0,165.0,2.2,8.58,300514.0,250049.0,5.0,957.0,1604386.0,1.0,81.0
21.0,3.0,3030.0,287.0,241.0,5.2,2.0,109422.0,9208.0,3.6,2498.0,1407235.0,1.0,83.0
1.0,1.0,2113.0,116.0,69.0,0.4,1.0,68850.0,25188.0,2.8,438.0,1027216.0,1.0,93.0
19.0,7.0,6892.0,355.0,202.0,2.2,8.8,172921.0,81519.0,4.2,943.0,1631170.0,1.0,74.0
32.0,28.0,1946.0,176.0,112.0,1.6,1.6,366407.0,150365.0,1.0,205.0,1081718.0,1.0,81.0
45.0,55.0,2511.0,159.0,112.0,7.2,20.4,69116.0,51134.0,1.8,367.0,1109370.0,1.0,75.0
30.0,26.0,3257.0,164.0,148.0,0.8,2.2,41354.0,106548.0,1.2,291.0,1068296.0,1.0,90.0
10.0,1.0,1612.0,410.0,68.0,2.8,2.6,137882.0,42400.0,1.6,2281.0,1805726.0,1.0,76.0
2.0,0.0,683.0,53.0,30.0,0.8,1.0,113192.0,40191.0,2.4,2296.0,1698589.0,1.0,95.0
7.0,1.0,8197.0,1643.0,1360.0,5.59,3.39,1294310.0,1037226.0,2.2,206.0,1088327.0,1.0,60.0
1.0,0.0,2156.0,461.0,219.0,0.6,1.0,145309.0,69430.0,1.0,632.0,1061534.0,1.0,88.0
198.0,195.0,1791.0,253.0,189.0,2.0,3.0,132619.0,97036.0,1.0,464.0,983346.0,1.0,88.0
2.0,1.0,214.0,44.0,28.0,0.2,0.2,10304.0,7695.0,1.2,7102.0,1847088.0,1.0,98.0
6.0,5.0,689.0,75.0,51.0,0.6,0.4,110658.0,21332.0,1.0,139.0,1024010.0,1.0,95.0
0.0,0.0,2025.0,135.0,85.0,0.6,0.8,395767.0,76084.0,2.0,742.0,1012610.0,1.0,91.0
1.0,0.0,1490.0,193.0,123.0,0.8,2.2,372082.0,316876.0,1.0,370.0,1112581.0,1.0,81.0
11.0,9.0,1784.0,106.0,65.0,1.39,3.78,552187.0,20575.0,1.0,323.0,1100151.0,1.0,79.0
45.0,59.0,2875.0,238.0,128.0,1.6,6.4,184912.0,159603.0,3.2,890.0,1545994.0,1.0,86.0
0.0,0.0,303.0,93.0,46.0,0.2,0.2,14776.0,18949.0,1.0,5925.0,1863899.0,1.0,97.0
13.0,4.0,1704.0,137.0,137.0,6.2,17.2,42806.0,158841.0,1.7,206.0,1103458.0,1.0,78.0
106.0,98.0,4116.0,234.0,194.0,1.6,5.2,246490.0,119184.0,1.3,950.0,1002078.0,1.0,83.0
7.0,0.0,4049.0,261.0,244.0,0.8,0.8,270608.0,186598.0,3.8,135.0,1528261.0,1.0,83.0
39.0,58.0,2693.0,153.0,179.0,0.4,0.6,384247.0,406989.0,1.0,168.0,1129622.0,1.0,77.0
9.0,8.0,1075.0,93.0,53.0,0.6,2.4,167060.0,39030.0,2.0,657.0,996094.0,1.0,92.0
71.0,87.0,1921.0,230.0,144.0,6.0,17.2,318647.0,27609.0,2.0,543.0,1099277.0,1.0,79.0
5.0,0.0,1481.0,124.0,150.0,0.4,0.2,68609.0,33107.0,2.0,143.0,1054915.0,1.0,90.0
499.0,161.0,1939.0,101.0,151.0,8.6,9.2,8949.0,139059.0,2.4,1519.0,1715733.0,1.0,77.0
29.0,42.0,3261.0,254.0,215.0,1.2,2.2,97834.0,409398.0,3.0,1203.0,1378464.0,1.0,86.0
1.0,0.0,3543.0,139.0,128.0,0.2,0.2,23901.0,45254.0,2.3,2491.0,1046205.0,1.0,91.0
25.0,8.0,7720.0,428.0,353.0,6.0,9.4,167410.0,76019.0,3.6,3263.0,1549171.0,1.0,63.0
16.0,20.0,424.0,43.0,14.0,2.2,2.2,100127.0,19122.0,1.0,9316.0,1884377.0,1.0,87.0
105.0,96.0,4309.0,386.0,272.0,6.0,5.2,305737.0,110175.0,1.2,183.0,1083451.0,1.0,77.0
5.0,0.0,2436.0,187.0,159.0,1.0,1.2,257550.0,255184.0,1.0,238.0,1052554.0,1.0,83.0
5.0,2.0,2735.0,332.0,139.0,2.0,2.2,898179.0,25561.0,3.5,143.0,1126076.0,1.0,72.0
17.0,4.0,2446.0,199.0,79.0,4.0,3.4,214179.0,140499.0,4.2,600.0,1337333.0,1.0,88.0
3.0,0.0,3517.0,342.0,189.0,1.0,2.99,310439.0,214462.0,4.4,420.0,1547657.0,1.0,86.0
9.0,9.0,1437.0,279.0,140.0,0.4,0.8,200790.0,121184.0,4.4,2867.0,1604600.0,1.0,93.0
1.0,0.0,1223.0,71.0,68.0,0.2,0.2,12841.0,15049.0,2.0,6161.0,1726408.0,1.0,97.0
18.0,23.0,192.0,14.0,33.0,0.2,0.2,427.0,14377.0,1.0,5274.0,1858256.0,1.0,98.0
2.0,0.0,3021.0,336.0,243.0,1.4,4.2,174664.0,129337.0,1.2,195.0,1089227.0,1.0,85.0
173.0,189.0,643.0,156.0,69.0,0.2,0.2,769383.0,39827.0,4.0,425.0,1702806.0,1.0,94.0
4.0,0.0,1681.0,180.0,162.0,2.6,0.8,135030.0,50758.0,2.2,2067.0,1719888.0,1.0,91.0
37.0,37.0,3127.0,266.0,193.0,0.6,1.8,21713.0,134601.0,2.8,360.0,1025109.0,1.0,91.0
0.0,0.0,2077.0,99.0,98.0,0.2,0.2,7498.0,118211.0,2.6,677.0,1019506.0,1.0,92.0
2.0,0.0,1975.0,207.0,156.0,0.4,1.6,7621.0,71396.0,1.7,188.0,1064462.0,1.0,93.0
7.0,1.0,1650.0,160.0,126.0,0.4,0.4,33712.0,61936.0,2.0,430.0,1013798.0,1.0,91.0
56.0,86.0,1426.0,119.0,70.0,0.4,0.4,444790.0,147764.0,3.4,1246.0,1714448.0,1.0,87.0
17.0,2.0,2349.0,344.0,125.0,2.6,6.0,254144.0,189500.0,1.6,171.0,1120445.0,1.0,83.0
6.0,0.0,2029.0,249.0,176.0,5.79,20.76,228319.0,47314.0,1.0,141.0,1100679.0,1.0,76.0
7.0,1.0,2934.0,358.0,129.0,5.79,9.78,910220.0,55253.0,1.7,548.0,1035238.0,1.0,80.0
0.0,0.0,181.0,21.0,23.0,0.2,0.2,457.0,3332.0,1.0,7436.0,1870405.0,1.0,98.0
17.0,8.0,5228.0,209.0,116.0,2.2,7.4,129995.0,97271.0,3.4,885.0,1645398.0,1.0,81.0
1.0,0.0,302.0,57.0,24.0,0.2,0.2,253775.0,4639.0,1.8,489.0,1745791.0,1.0,92.0
32.0,48.0,6054.0,283.0,231.0,0.6,2.0,24049.0,248288.0,3.0,1092.0,1378821.0,1.0,87.0
1.0,0.0,3848.0,259.0,222.0,0.6,1.4,218722.0,312753.0,1.0,384.0,1002692.0,1.0,82.0
7.0,1.0,2544.0,135.0,126.0,1.2,2.4,69693.0,23159.0,4.0,2892.0,1375262.0,1.0,91.0
1.0,0.0,3365.0,145.0,109.0,0.2,0.2,4215.0,18277.0,1.2,689.0,1738140.0,1.0,94.0
1.0,1.0,242.0,24.0,24.0,0.2,0.2,9033.0,14527.0,1.0,7536.0,1878214.0,1.0,97.0
2.0,1.0,1120.0,60.0,59.0,1.6,2.8,9287.0,15261.0,1.0,179.0,1024437.0,1.0,92.0
1.0,0.0,297.0,31.0,52.0,0.4,0.4,90793.0,22285.0,1.2,7404.0,1868925.0,1.0,97.0
19.0,1.0,3124.0,490.0,345.0,7.39,2.99,193596.0,10956.0,3.2,2297.0,1524006.0,1.0,79.0
48.0,1.0,3046.0,276.0,129.0,11.82,34.67,155350.0,41410.0,2.8,140.0,1093905.0,1.0,62.0
22.0,27.0,2694.0,286.0,94.0,2.2,2.4,151084.0,107315.0,3.0,920.0,1748875.0,1.0,89.0
32.0,47.0,1389.0,170.0,96.0,0.2,0.2,398035.0,25963.0,1.0,1473.0,1093851.0,1.0,90.0
7.0,1.0,2492.0,255.0,123.0,1.8,1.6,1433061.0,37231.0,2.5,102.0,1091614.0,1.0,70.0
15.0,0.0,3778.0,219.0,160.0,11.2,34.4,269997.0,75702.0,2.8,301.0,1092590.0,1.0,59.0
1.0,1.0,373.0,51.0,16.0,0.2,0.2,21680.0,8776.0,1.0,5384.0,1860088.0,1.0,98.0
7.0,0.0,1703.0,160.0,127.0,6.2,17.8,114129.0,37911.0,1.0,156.0,1103315.0,1.0,78.0
16.0,3.0,4601.0,285.0,200.0,2.0,4.21,154735.0,58160.0,3.3,575.0,1011166.0,1.0,79.0
4.0,0.0,1969.0,209.0,200.0,2.4,0.8,131479.0,48942.0,1.3,1126.0,1053153.0,1.0,89.0
8.0,2.0,2725.0,176.0,97.0,2.2,2.4,409928.0,62603.0,6.4,1472.0,1309614.0,1.0,79.0
1.0,0.0,257.0,26.0,40.0,0.2,0.2,5230.0,137977.0,1.6,434.0,1743578.0,1.0,89.0
3.0,3.0,1758.0,232.0,171.0,1.2,1.4,16809.0,56375.0,1.0,637.0,1120304.0,1.0,92.0
1.0,0.0,2450.0,128.0,113.0,0.4,0.4,23110.0,26628.0,1.0,791.0,1050303.0,1.0,91.0
1.0,0.0,5943.0,300.0,203.0,0.8,1.2,51713.0,38197.0,6.2,138.0,1024835.0,1.0,83.0
3.0,2.0,520.0,61.0,48.0,0.4,0.4,138319.0,109404.0,1.2,5921.0,1842325.0,1.0,96.0
42.0,40.0,1177.0,139.0,139.0,0.8,0.8,35931.0,40257.0,1.7,244.0,1089917.0,1.0,93.0
4.0,0.0,2886.0,173.0,130.0,0.8,0.8,177255.0,315932.0,2.2,320.0,1520312.0,1.0,93.0
16.0,12.0,2180.0,394.0,155.0,2.6,2.8,504805.0,679981.0,3.8,628.0,1045381.0,1.0,87.0
4.0,0.0,1139.0,110.0,28.0,1.8,2.0,104583.0,6724.0,2.4,812.0,1715998.0,1.0,93.0
13.0,11.0,913.0,143.0,66.0,0.2,0.2,182190.0,185325.0,3.0,2558.0,1578943.0,1.0,96.0
7.0,2.0,1420.0,131.0,134.0,3.8,6.6,506387.0,250930.0,1.8,6101.0,1843602.0,1.0,83.0
2.0,1.0,294.0,50.0,35.0,0.2,0.2,259637.0,7396.0,1.0,6342.0,1855490.0,1.0,97.0
13.0,19.0,277.0,46.0,38.0,0.2,0.2,2084.0,4319.0,2.2,6442.0,1712288.0,1.0,97.0
2.0,0.0,1887.0,58.0,47.0,1.4,4.2,48685.0,6603.0,1.6,4586.0,1828430.0,1.0,90.0
3.0,0.0,2335.0,257.0,251.0,0.8,2.2,153481.0,51172.0,3.0,227.0,1101150.0,1.0,88.0
13.0,4.0,3199.0,418.0,215.0,0.2,0.2,426397.0,54353.0,8.6,125.0,1300486.0,1.0,86.0
2.0,1.0,262.0,30.0,20.0,1.0,1.0,63371.0,26554.0,1.0,8697.0,1834794.0,1.0,95.0
35.0,26.0,4039.0,410.0,255.0,2.0,1.4,135818.0,111308.0,4.2,8216.0,1373632.0,1.0,79.0
8.0,4.0,1658.0,264.0,187.0,1.0,3.6,1605549.0,1520769.0,135.0,87.0,13.0,1.0,0.0
1.0,1.0,194.0,15.0,23.0,0.2,0.2,585.0,16000.0,3.0,579.0,1710640.0,1.0,97.0
11.0,2.0,4116.0,573.0,357.0,8.18,23.35,112691.0,58567.0,1.5,256.0,1075701.0,1.0,64.0
0.0,0.0,410.0,63.0,84.0,0.4,0.6,185201.0,96070.0,1.8,2502.0,1771370.0,1.0,93.0
2.0,0.0,467.0,70.0,37.0,2.0,2.0,222944.0,39615.0,1.8,191.0,1801205.0,1.0,85.0
56.0,77.0,1668.0,157.0,121.0,1.2,1.6,33278.0,55933.0,1.0,268.0,961782.0,1.0,86.0
5.0,2.0,1809.0,75.0,29.0,2.2,6.4,72824.0,7166.0,1.2,4894.0,1827627.0,1.0,93.0
97.0,87.0,5807.0,346.0,206.0,2.4,2.8,380237.0,202112.0,4.0,836.0,1336240.0,1.0,79.0
17.0,1.0,4513.0,669.0,285.0,6.2,6.6,141283.0,54741.0,1.8,182.0,992085.0,1.0,73.0
77.0,75.0,1569.0,145.0,87.0,4.2,15.8,364729.0,56427.0,959.0,80.0,17.0,1.0,0.0
3.0,2.0,1200.0,84.0,44.0,0.2,0.2,68419.0,30007.0,1.0,561.0,1019416.0,1.0,96.0
33.0,26.0,4041.0,424.0,285.0,6.6,7.6,367275.0,193169.0,2.2,2954.0,1030811.0,1.0,71.0
13.0,2.0,1438.0,82.0,80.0,0.2,0.2,5794.0,42148.0,1.3,218.0,1054350.0,1.0,89.0
4.0,0.0,4521.0,312.0,264.0,0.6,2.2,42268.0,336855.0,1.0,205.0,996974.0,1.0,84.0
33.0,50.0,343.0,44.0,42.0,0.8,0.6,7971.0,14495.0,1.0,399.0,1745525.0,1.0,96.0
36.0,51.0,1700.0,145.0,113.0,0.2,0.2,265148.0,97093.0,1.0,1211.0,1100832.0,1.0,89.0
5.0,0.0,1779.0,144.0,92.0,0.6,0.8,265930.0,109091.0,2.4,1990.0,1543290.0,1.0,93.0
6.0,0.0,2424.0,239.0,155.0,1.8,1.8,13184.0,34056.0,1.0,545.0,1023155.0,1.0,89.0
1.0,1.0,2444.0,91.0,152.0,0.2,0.2,86880.0,23199.0,2.8,321.0,1703744.0,1.0,92.0
26.0,18.0,4169.0,837.0,451.0,1.8,3.4,103527.0,34744.0,4.0,623.0,1540648.0,1.0,79.0
19.0,12.0,5315.0,437.0,423.0,4.19,1.2,262877.0,50135.0,1.0,320.0,971347.0,1.0,76.0
0.0,0.0,311.0,21.0,22.0,0.4,0.6,2364.0,10512.0,1.2,1313.0,1742256.0,1.0,98.0
58.0,79.0,1203.0,118.0,128.0,1.2,1.6,10510.0,79501.0,1.3,598.0,948125.0,1.0,83.0
8.0,1.0,1895.0,175.0,159.0,1.8,0.8,92383.0,108629.0,2.2,5123.0,1674083.0,1.0,93.0
19.0,6.0,3963.0,628.0,485.0,7.2,2.8,941296.0,728515.0,254.0,74.0,26.0,1.0,0.0
10.0,0.0,1984.0,57.0,59.0,2.0,6.2,3169.0,2233.0,4.0,847.0,1631198.0,1.0,94.0
13.0,7.0,1042.0,112.0,76.0,1.0,1.6,39083.0,32135.0,1.0,371.0,966165.0,1.0,91.0
1.0,0.0,2332.0,146.0,144.0,0.2,0.2,12285.0,64453.0,1.0,731.0,1061085.0,1.0,93.0
5.0,1.0,1644.0,165.0,161.0,2.81,5.21,359829.0,241730.0,3.0,156.0,1068024.0,1.0,83.0
5.0,0.0,2233.0,297.0,122.0,1.2,1.4,317752.0,110756.0,2.2,298.0,1535555.0,1.0,88.0
3.0,0.0,4900.0,325.0,223.0,2.99,2.99,233922.0,33408.0,3.0,1445.0,1047328.0,1.0,82.0
5.0,5.0,691.0,72.0,53.0,0.2,0.2,5917.0,23539.0,2.0,575.0,967896.0,1.0,96.0
18.0,2.0,2535.0,332.0,162.0,3.8,3.8,535709.0,83384.0,5.6,548.0,1298520.0,1.0,86.0
31.0,12.0,4007.0,295.0,143.0,1.4,3.2,548063.0,21742.0,5.0,143.0,1524043.0,1.0,86.0
52.0,16.0,7332.0,562.0,507.0,3.8,9.0,243486.0,68862.0,3.8,324.0,1396166.0,1.0,67.0
27.0,34.0,1741.0,231.0,218.0,4.4,1.2,125125.0,36427.0,2.4,2657.0,1771130.0,1.0,86.0
0.0,0.0,1792.0,60.0,72.0,0.2,0.2,3164.0,8671.0,2.2,315.0,1715520.0,1.0,98.0
2.0,0.0,426.0,38.0,30.0,2.2,2.2,78934.0,43817.0,1.0,2438.0,1796808.0,1.0,80.0
46.0,16.0,4730.0,413.0,272.0,9.4,10.0,249982.0,110365.0,11.0,645.0,1311661.0,1.0,65.0
4.0,0.0,4200.0,252.0,228.0,3.41,1.0,97923.0,42963.0,1.2,220.0,1017728.0,1.0,86.0
2.0,0.0,528.0,74.0,66.0,2.0,2.0,51954.0,33545.0,1.4,2924.0,1780082.0,1.0,82.0
37.0,47.0,2127.0,408.0,365.0,3.2,2.0,554916.0,632629.0,4.8,150.0,1714603.0,1.0,73.0
644.0,9.0,4506.0,264.0,176.0,1.8,3.19,202621.0,114122.0,2.3,245.0,1063034.0,1.0,76.0
38.0,21.0,1828.0,191.0,99.0,3.19,3.39,483872.0,23459.0,1.0,298.0,973443.0,1.0,86.0
7.0,0.0,2798.0,169.0,107.0,5.6,4.2,270281.0,79436.0,1.5,198.0,1011712.0,1.0,82.0
76.0,71.0,3089.0,185.0,139.0,0.2,0.2,67708.0,59295.0,2.0,126.0,1065362.0,1.0,84.0
21.0,1.0,4547.0,1070.0,707.0,9.0,6.0,461040.0,51939.0,5.4,2182.0,1727709.0,1.0,66.0
7.0,6.0,1610.0,50.0,49.0,0.4,0.8,15069.0,25364.0,1.0,137.0,1022242.0,1.0,93.0
3.0,1.0,2193.0,97.0,80.0,0.4,0.4,6145.0,51522.0,2.0,3257.0,1657443.0,1.0,96.0
3.0,0.0,551.0,77.0,29.0,3.0,3.2,320678.0,10455.0,2.2,4822.0,1849413.0,1.0,89.0
17.0,0.0,3861.0,414.0,329.0,5.39,2.0,333146.0,24300.0,2.6,170.0,1060878.0,1.0,76.0
3.0,1.0,3886.0,455.0,244.0,2.4,6.4,234874.0,41348.0,1.7,222.0,1094254.0,1.0,85.0
5.0,2.0,3209.0,425.0,330.0,1.4,2.0,382241.0,34171.0,1.5,265.0,1093546.0,1.0,84.0
4.0,1.0,4148.0,423.0,250.0,3.4,2.2,250623.0,346396.0,1.8,378.0,988138.0,1.0,80.0
37.0,51.0,2293.0,159.0,101.0,1.2,1.2,1062841.0,152976.0,1.4,102.0,981164.0,1.0,68.0
0.0,0.0,226.0,31.0,34.0,0.2,0.2,21032.0,19301.0,1.0,6234.0,1857173.0,1.0,97.0
4.0,1.0,1750.0,168.0,128.0,0.8,0.8,7018.0,21939.0,2.0,547.0,976333.0,1.0,91.0
34.0,50.0,2256.0,214.0,159.0,0.6,0.6,94024.0,21088.0,1.0,165.0,1053560.0,1.0,91.0
59.0,64.0,1720.0,201.0,112.0,1.2,1.2,182095.0,41385.0,2.0,569.0,967757.0,1.0,87.0
2.0,1.0,173.0,11.0,16.0,0.2,0.2,7778.0,11304.0,1.0,7916.0,1880864.0,1.0,98.0
21.0,0.0,5553.0,388.0,219.0,0.4,0.6,611792.0,261670.0,2.4,130.0,1006030.0,1.0,73.0
622.0,543.0,5572.0,480.0,297.0,1.2,3.8,166930.0,128473.0,3.0,527.0,1061819.0,1.0,73.0
39.0,52.0,2527.0,138.0,89.0,0.8,3.4,265344.0,41496.0,1.3,677.0,1057779.0,1.0,90.0
1.0,0.0,1649.0,107.0,71.0,0.2,0.2,16691.0,61172.0,2.2,4795.0,1727936.0,1.0,94.0
5.0,4.0,5427.0,247.0,221.0,0.4,0.4,11161.0,16785.0,2.2,429.0,1377768.0,1.0,90.0
0.0,0.0,138.0,9.0,13.0,0.2,0.2,439.0,6989.0,1.0,8524.0,1870132.0,1.0,99.0
8.0,0.0,2505.0,197.0,113.0,2.4,2.4,282389.0,111390.0,4.4,190.0,1322947.0,1.0,93.0
51.0,69.0,1064.0,142.0,118.0,0.4,0.2,5288.0,24594.0,2.8,1752.0,969454.0,1.0,93.0
23.0,36.0,3096.0,149.0,147.0,0.2,0.2,34328.0,42898.0,2.2,1189.0,1720062.0,1.0,94.0
1.0,1.0,212.0,41.0,37.0,0.2,0.2,256240.0,253263.0,2.4,4639.0,1827776.0,1.0,97.0
1845.0,13.0,4377.0,125.0,118.0,3.8,4.0,33563.0,62630.0,4.2,376.0,1512704.0,1.0,57.0
1.0,0.0,3839.0,317.0,164.0,0.6,1.2,97366.0,49773.0,1.5,157.0,1124760.0,1.0,86.0
11.0,8.0,2549.0,192.0,134.0,2.99,3.99,274418.0,39942.0,1.5,383.0,1015162.0,1.0,87.0
14.0,10.0,4831.0,332.0,191.0,0.8,3.6,265497.0,84870.0,5.4,340.0,1298264.0,1.0,82.0
8.0,0.0,3193.0,442.0,385.0,8.02,2.0,278616.0,17581.0,2.0,7216.0,1866756.0,1.0,77.0
6.0,1.0,1043.0,160.0,116.0,1.6,1.6,25641.0,20715.0,1.0,577.0,970690.0,1.0,92.0
10.0,5.0,2243.0,96.0,87.0,1.6,0.6,39657.0,55403.0,2.0,1775.0,1638170.0,1.0,94.0
3.0,0.0,4450.0,273.0,243.0,3.2,1.0,87743.0,49090.0,3.4,450.0,1015536.0,1.0,81.0
1.0,0.0,2948.0,178.0,106.0,0.4,0.4,21262.0,17499.0,1.0,2993.0,1012963.0,1.0,92.0
30.0,42.0,1403.0,103.0,78.0,0.8,3.39,30929.0,36075.0,1.7,305.0,1102510.0,1.0,92.0
24.0,30.0,2583.0,242.0,171.0,1.4,2.0,40055.0,108188.0,4.0,648.0,1640984.0,1.0,83.0
16.0,22.0,349.0,24.0,15.0,1.6,1.6,33103.0,18390.0,1.2,7758.0,1865076.0,1.0,92.0
0.0,0.0,508.0,105.0,41.0,0.2,0.2,133259.0,132790.0,3.2,749.0,1741819.0,1.0,97.0
0.0,0.0,367.0,53.0,44.0,0.2,0.2,7422.0,11407.0,1.0,1101.0,1740180.0,1.0,95.0
7.0,3.0,2453.0,347.0,484.0,2.0,1.4,144649.0,114582.0,1.3,1024.0,1015162.0,1.0,87.0
3.0,1.0,726.0,101.0,94.0,1.8,0.6,66252.0,29809.0,1.4,7267.0,1864941.0,1.0,95.0
0.0,0.0,299.0,21.0,28.0,0.2,0.2,880.0,17742.0,1.2,263.0,1750872.0,1.0,97.0
55.0,80.0,2565.0,212.0,223.0,0.2,0.2,10423.0,264817.0,2.4,607.0,1016117.0,1.0,88.0
5.0,1.0,6457.0,317.0,236.0,0.6,1.4,50627.0,101655.0,2.3,188.0,1009309.0,1.0,84.0
12.0,12.0,1487.0,217.0,67.0,0.4,0.4,163884.0,143946.0,3.8,668.0,1742373.0,1.0,94.0
1.0,1.0,394.0,208.0,51.0,0.2,0.2,379080.0,332905.0,2.6,5746.0,1834560.0,1.0,97.0
22.0,13.0,1681.0,146.0,129.0,2.0,0.8,70811.0,49799.0,2.4,180.0,1710835.0,1.0,93.0
22.0,8.0,6630.0,202.0,115.0,3.8,9.4,279697.0,9693.0,5.8,821.0,1529410.0,1.0,73.0
0.0,0.0,220.0,32.0,25.0,0.2,0.2,91884.0,4369.0,2.0,4676.0,1847632.0,1.0,97.0
64.0,86.0,2489.0,218.0,160.0,1.2,2.8,265618.0,190198.0,4.8,330.0,1330898.0,1.0,85.0
3.0,1.0,2307.0,114.0,105.0,0.4,1.8,31281.0,113104.0,2.4,3103.0,1656325.0,1.0,93.0
13.0,11.0,4427.0,270.0,183.0,1.6,3.2,172031.0,118129.0,1.3,154.0,998984.0,1.0,84.0
8.0,1.0,729.0,97.0,74.0,1.8,0.6,131107.0,4970.0,1.6,609.0,1742051.0,1.0,90.0
7.0,0.0,1819.0,170.0,136.0,6.2,12.6,200515.0,22853.0,2.6,4234.0,1821074.0,1.0,87.0
28.0,6.0,2044.0,141.0,130.0,5.19,5.59,153223.0,32302.0,2.2,143.0,1055602.0,1.0,80.0
8.0,3.0,819.0,84.0,105.0,1.2,1.0,123070.0,102258.0,1.0,459.0,1063021.0,1.0,93.0
2.0,1.0,4024.0,175.0,169.0,0.2,0.2,24876.0,223160.0,2.6,1236.0,1395318.0,1.0,90.0
72.0,65.0,3269.0,319.0,200.0,2.2,5.39,305717.0,55090.0,5.4,186.0,1308784.0,1.0,81.0
1.0,0.0,405.0,43.0,34.0,0.2,0.2,37605.0,9043.0,1.2,949.0,1739202.0,1.0,98.0
47.0,28.0,7628.0,430.0,401.0,1.0,1.2,509671.0,516403.0,1649.0,79.0,21.0,1.0,0.0
7.0,0.0,963.0,105.0,66.0,1.2,1.6,119224.0,19633.0,1.5,1351.0,976717.0,1.0,93.0
2.0,0.0,574.0,95.0,46.0,1.59,1.59,50802.0,21976.0,2.2,896.0,1784027.0,1.0,86.0
20.0,4.0,3443.0,316.0,182.0,2.99,5.99,425771.0,155256.0,1.0,132.0,1000853.0,1.0,68.0
13.0,11.0,3085.0,406.0,273.0,1.4,4.2,342384.0,133641.0,1.0,193.0,1101050.0,1.0,82.0
1.0,1.0,203.0,14.0,37.0,0.2,0.2,8286.0,18401.0,1.0,5309.0,1858272.0,1.0,98.0
1.0,0.0,1870.0,93.0,59.0,0.2,0.2,89541.0,19336.0,3.6,160.0,1714075.0,1.0,95.0
1.0,0.0,2699.0,88.0,157.0,0.2,0.2,5087.0,38464.0,2.2,213.0,1709248.0,1.0,93.0
7.0,0.0,2024.0,120.0,101.0,6.6,19.4,26760.0,71512.0,1.6,557.0,1081963.0,1.0,77.0
0.0,0.0,158.0,8.0,17.0,0.2,0.2,423.0,10770.0,1.0,6439.0,1871280.0,1.0,98.0
50.0,59.0,1547.0,185.0,141.0,0.6,0.4,39002.0,26888.0,4.6,733.0,1057994.0,1.0,93.0
21.0,18.0,1111.0,157.0,164.0,0.6,0.8,188084.0,634890.0,1083.0,88.0,11.0,1.0,0.0
1.0,1.0,198.0,15.0,26.0,0.2,0.2,6998.0,11084.0,1.0,5274.0,1858256.0,1.0,98.0
27.0,39.0,2887.0,137.0,81.0,0.6,0.6,40273.0,39759.0,1.4,308.0,1749037.0,1.0,91.0
19.0,28.0,328.0,59.0,40.0,0.2,0.8,174891.0,18230.0,1.6,2006.0,1759344.0,1.0,95.0
35.0,1.0,672.0,62.0,57.0,0.2,0.2,1791.0,8352.0,2.2,4046.0,1710048.0,1.0,97.0
68.0,52.0,1189.0,110.0,60.0,1.0,1.2,27373.0,23232.0,1.5,331.0,1023208.0,1.0,89.0
1.0,1.0,1344.0,84.0,74.0,0.2,0.2,87208.0,108645.0,1.0,8371.0,1834485.0,1.0,92.0
61.0,81.0,1299.0,270.0,76.0,0.6,0.8,246867.0,40709.0,3.2,412.0,1025284.0,1.0,88.0
20.0,6.0,6709.0,335.0,318.0,2.39,1.0,85428.0,34037.0,2.6,2005.0,963321.0,1.0,81.0
4.0,0.0,716.0,50.0,25.0,2.0,9.8,86846.0,19261.0,1.2,8403.0,1865018.0,1.0,93.0
1.0,0.0,1099.0,55.0,51.0,0.8,0.8,3061.0,16526.0,2.3,267.0,1119752.0,1.0,94.0
41.0,32.0,5200.0,185.0,121.0,2.79,7.19,59209.0,63458.0,2.4,209.0,1623562.0,1.0,80.0
6.0,2.0,3626.0,212.0,182.0,1.0,0.8,37579.0,53591.0,3.0,2002.0,1532208.0,1.0,89.0
2.0,1.0,4242.0,319.0,121.0,0.8,0.6,1392751.0,146008.0,2.8,2826.0,1407747.0,1.0,83.0
46.0,57.0,826.0,52.0,50.0,0.4,1.2,110571.0,72773.0,1.2,8160.0,1837149.0,1.0,96.0
19.0,0.0,2078.0,120.0,40.0,2.8,3.6,103404.0,21483.0,1.6,281.0,1745158.0,1.0,90.0
1.0,0.0,371.0,48.0,31.0,0.6,0.6,52298.0,9498.0,2.2,3042.0,1707706.0,1.0,94.0
1.0,0.0,2371.0,167.0,117.0,0.2,0.2,6600.0,32354.0,2.5,149.0,1055497.0,1.0,92.0
1.0,0.0,1411.0,314.0,145.0,0.2,0.2,6590.0,26933.0,2.0,135.0,1057440.0,1.0,92.0
3.0,2.0,1531.0,93.0,76.0,0.4,0.8,101164.0,59291.0,1.0,176.0,1073318.0,1.0,91.0
10.0,2.0,1893.0,117.0,100.0,1.4,2.8,85176.0,71503.0,3.4,1192.0,1513686.0,1.0,84.0
14.0,4.0,3441.0,404.0,348.0,6.4,2.0,194491.0,41018.0,3.6,187.0,1710275.0,1.0,81.0
2.0,0.0,3292.0,259.0,126.0,1.2,1.8,357484.0,92310.0,1.0,2360.0,1013642.0,1.0,86.0
1.0,0.0,3625.0,238.0,190.0,0.2,0.2,129097.0,122787.0,1.0,394.0,1069808.0,1.0,90.0
25.0,16.0,4669.0,463.0,327.0,2.2,1.8,330037.0,140092.0,11.0,146.0,1304138.0,1.0,70.0
1.0,0.0,220.0,30.0,20.0,0.2,0.2,24212.0,23258.0,1.2,1207.0,1765368.0,1.0,96.0
4.0,2.0,234.0,13.0,15.0,0.8,0.4,14481.0,11215.0,1.0,6132.0,1856736.0,1.0,97.0
0.0,0.0,764.0,68.0,57.0,0.2,0.2,48116.0,38972.0,1.5,416.0,949702.0,1.0,94.0
1.0,0.0,1228.0,42.0,38.0,0.2,0.2,7176.0,15793.0,2.0,2083.0,1003210.0,1.0,96.0
40.0,54.0,3432.0,390.0,328.0,3.41,4.81,415685.0,259602.0,1.5,401.0,1098783.0,1.0,77.0
5.0,4.0,4431.0,375.0,255.0,2.0,6.2,131291.0,39274.0,1.0,187.0,1099499.0,1.0,82.0
60.0,78.0,862.0,387.0,131.0,0.2,0.2,626392.0,639838.0,306.0,94.0,6.0,1.0,0.0
1.0,0.0,2924.0,104.0,146.0,0.2,0.2,5775.0,45319.0,2.0,252.0,1708706.0,1.0,94.0
21.0,29.0,524.0,76.0,37.0,1.2,0.6,389758.0,20490.0,1.8,7410.0,1868656.0,1.0,92.0
18.0,28.0,281.0,22.0,19.0,0.2,0.2,3344.0,13554.0,1.2,6363.0,1852585.0,1.0,98.0
20.0,26.0,401.0,38.0,34.0,0.2,0.2,10085.0,11856.0,1.0,225.0,1740241.0,1.0,94.0
2.0,0.0,1230.0,73.0,45.0,1.8,4.8,367776.0,281408.0,2.0,322.0,1760186.0,1.0,92.0
6.0,3.0,2578.0,234.0,115.0,2.8,3.0,597742.0,95903.0,1.5,650.0,1053069.0,1.0,80.0
4.0,1.0,3931.0,274.0,200.0,2.4,0.8,131422.0,116356.0,1.8,205.0,1009333.0,1.0,84.0
34.0,41.0,2102.0,297.0,315.0,4.8,1.4,430457.0,412366.0,1.6,6224.0,1844643.0,1.0,80.0
4.0,2.0,2000.0,176.0,62.0,0.2,0.2,447596.0,188253.0,4.0,227.0,1323011.0,1.0,95.0
7.0,0.0,2428.0,211.0,144.0,1.8,1.4,151817.0,186467.0,2.4,568.0,1081509.0,1.0,87.0
1.0,0.0,2028.0,401.0,513.0,0.2,0.2,18147.0,54409.0,2.4,697.0,1702590.0,1.0,88.0
5.0,4.0,2096.0,137.0,105.0,0.2,0.2,4584.0,21087.0,1.6,516.0,978044.0,1.0,94.0
29.0,37.0,3472.0,248.0,137.0,0.2,0.2,207334.0,206626.0,3.6,3326.0,1346128.0,1.0,94.0
172.0,9.0,2899.0,135.0,94.0,5.2,4.8,546948.0,91311.0,3.4,1323.0,1543117.0,1.0,84.0
2.0,0.0,2338.0,197.0,91.0,1.2,1.6,187157.0,37649.0,1.0,433.0,1063786.0,1.0,91.0
1.0,1.0,212.0,18.0,28.0,0.2,0.2,7031.0,19891.0,1.0,7364.0,1867155.0,1.0,98.0
3.0,2.0,840.0,59.0,38.0,0.2,0.2,3682.0,14522.0,1.0,158.0,1011914.0,1.0,95.0
14.0,18.0,498.0,58.0,35.0,2.2,2.2,94619.0,27799.0,1.2,393.0,1813523.0,1.0,81.0
21.0,1.0,5989.0,673.0,474.0,7.58,3.79,505990.0,66850.0,6.8,809.0,1526997.0,1.0,70.0
25.0,35.0,926.0,82.0,48.0,0.2,0.2,424352.0,236380.0,2.4,1016.0,1758643.0,1.0,95.0
4.0,2.0,1686.0,312.0,205.0,0.4,0.6,126309.0,104451.0,2.4,495.0,1531704.0,1.0,93.0
1.0,1.0,973.0,49.0,39.0,0.2,0.2,5749.0,25238.0,3.0,389.0,1008496.0,1.0,96.0
2.0,1.0,740.0,174.0,31.0,1.0,1.0,1260379.0,17197.0,2.6,3131.0,1845962.0,1.0,95.0
22.0,2.0,4052.0,470.0,151.0,8.02,8.62,142202.0,40400.0,1.5,2364.0,1097337.0,1.0,68.0
4.0,1.0,1881.0,179.0,137.0,3.4,4.6,239378.0,64562.0,1.6,1793.0,952803.0,1.0,73.0
18.0,12.0,3208.0,298.0,153.0,3.79,4.19,136968.0,171740.0,1.8,122.0,969851.0,1.0,81.0
7.0,1.0,616.0,102.0,53.0,2.2,2.2,401538.0,43194.0,1.8,1973.0,1822176.0,1.0,84.0
10.0,1.0,5002.0,580.0,433.0,7.6,2.0,676779.0,76726.0,1.8,253.0,1115773.0,1.0,70.0
17.0,4.0,2404.0,223.0,156.0,4.2,3.2,285474.0,87061.0,276.0,82.0,18.0,1.0,0.0
8.0,0.0,3782.0,498.0,428.0,7.2,2.2,181646.0,22390.0,1.5,370.0,1028214.0,1.0,75.0
14.0,10.0,3387.0,211.0,117.0,3.41,21.24,167882.0,36052.0,1.5,165.0,1020268.0,1.0,81.0
9.0,0.0,2683.0,382.0,164.0,0.8,0.8,256718.0,61215.0,128.0,80.0,20.0,1.0,0.0
1.0,0.0,2112.0,109.0,89.0,0.8,3.61,108588.0,121214.0,1.8,2448.0,1012757.0,1.0,90.0
52.0,1.0,4039.0,257.0,185.0,15.2,24.8,137512.0,25944.0,5.8,159.0,1102581.0,1.0,53.0
1.0,1.0,1597.0,100.0,92.0,0.6,0.6,6122.0,38458.0,1.0,362.0,1752271.0,1.0,97.0
15.0,9.0,5018.0,328.0,150.0,3.18,3.38,203089.0,47521.0,3.2,579.0,1006093.0,1.0,78.0
0.0,0.0,282.0,38.0,30.0,0.2,0.2,29983.0,7955.0,2.0,845.0,1722362.0,1.0,98.0
35.0,48.0,2546.0,201.0,94.0,0.4,1.8,36846.0,24797.0,2.0,212.0,1113213.0,1.0,90.0
19.0,16.0,3002.0,194.0,123.0,1.8,2.2,300654.0,71750.0,2.4,1202.0,1014886.0,1.0,83.0
2.0,1.0,400.0,79.0,77.0,0.6,0.8,1297030.0,420210.0,2.0,4449.0,1825016.0,1.0,85.0
8.0,8.0,396.0,71.0,55.0,0.4,0.2,173114.0,8007.0,2.0,187.0,1715517.0,1.0,97.0
44.0,30.0,2919.0,478.0,381.0,8.0,2.2,353632.0,133883.0,2.6,5519.0,1830067.0,1.0,80.0
28.0,37.0,2440.0,104.0,95.0,1.2,3.2,87122.0,35216.0,2.6,241.0,1752318.0,1.0,91.0
19.0,13.0,1121.0,322.0,121.0,1.2,1.2,889484.0,380111.0,471.0,89.0,11.0,1.0,0.0
61.0,68.0,1450.0,213.0,112.0,1.4,2.0,211900.0,201633.0,3.6,2599.0,1580109.0,1.0,86.0
9.0,1.0,2772.0,465.0,380.0,7.2,1.8,527107.0,8114.0,2.4,6602.0,1872614.0,1.0,79.0
3.0,0.0,1755.0,344.0,251.0,2.6,5.8,686906.0,120820.0,2.8,2492.0,1730610.0,1.0,81.0
