21,22,23,24,25,26,27,28,29,30,31,32,33,34,35,36,37,38,39
85.0,35.0,64.0,129.0,57.0,6.0,116.0,57.0,17.0,125.0,138.0,200.0,123.0,65.0,1.0,23.0,196.0,203.0,3.0
100.0,55.0,101.0,189.0,57.0,10.0,222.0,30.0,25.0,177.0,225.0,731.0,211.0,71.0,7.0,17.0,188.0,197.0,1.0
86.0,36.0,66.0,128.0,57.0,8.0,131.0,52.0,18.0,127.0,148.0,252.0,139.0,76.0,5.0,27.0,183.0,187.0,1.0
93.0,46.0,85.0,169.0,66.0,9.0,151.0,44.0,19.0,147.0,169.0,339.0,179.0,67.0,0.0,4.0,195.0,204.0,3.0
109.0,54.0,109.0,225.0,68.0,11.0,214.0,31.0,24.0,169.0,226.0,675.0,212.0,68.0,11.0,32.0,189.0,202.0,2.0
101.0,55.0,107.0,200.0,61.0,11.0,225.0,30.0,25.0,178.0,228.0,730.0,204.0,74.0,8.0,35.0,187.0,201.0,1.0
95.0,42.0,85.0,174.0,66.0,9.0,153.0,44.0,19.0,144.0,168.0,347.0,150.0,65.0,11.0,5.0,196.0,204.0,3.0
89.0,46.0,74.0,135.0,59.0,9.0,157.0,44.0,20.0,158.0,170.0,356.0,177.0,79.0,12.0,3.0,184.0,191.0,3.0
89.0,38.0,74.0,138.0,59.0,7.0,136.0,49.0,18.0,133.0,167.0,278.0,128.0,72.0,7.0,7.0,189.0,193.0,3.0
84.0,45.0,68.0,148.0,64.0,6.0,146.0,46.0,19.0,142.0,168.0,317.0,180.0,75.0,5.0,1.0,183.0,187.0,0.0
91.0,38.0,70.0,160.0,66.0,25.0,140.0,47.0,18.0,139.0,162.0,296.0,130.0,67.0,4.0,11.0,192.0,202.0,3.0
108.0,56.0,102.0,246.0,75.0,6.0,239.0,28.0,26.0,167.0,264.0,855.0,228.0,82.0,9.0,13.0,186.0,185.0,0.0
97.0,50.0,108.0,211.0,65.0,10.0,214.0,31.0,24.0,156.0,232.0,683.0,218.0,72.0,7.0,29.0,188.0,197.0,1.0
100.0,46.0,90.0,172.0,67.0,9.0,157.0,43.0,20.0,150.0,170.0,363.0,184.0,67.0,17.0,7.0,192.0,200.0,3.0
107.0,51.0,103.0,182.0,56.0,11.0,213.0,31.0,24.0,162.0,226.0,673.0,217.0,72.0,2.0,4.0,188.0,198.0,2.0
90.0,47.0,73.0,136.0,58.0,11.0,161.0,42.0,20.0,153.0,172.0,376.0,185.0,77.0,11.0,8.0,183.0,191.0,3.0
102.0,54.0,98.0,201.0,61.0,6.0,225.0,29.0,25.0,165.0,246.0,766.0,231.0,79.0,9.0,14.0,188.0,187.0,0.0
95.0,45.0,80.0,186.0,62.0,7.0,164.0,40.0,20.0,145.0,188.0,406.0,178.0,65.0,11.0,18.0,199.0,204.0,1.0
87.0,49.0,86.0,190.0,64.0,9.0,177.0,37.0,21.0,153.0,197.0,471.0,209.0,67.0,11.0,7.0,192.0,199.0,1.0
87.0,45.0,77.0,153.0,59.0,7.0,154.0,44.0,19.0,145.0,181.0,350.0,172.0,75.0,15.0,14.0,184.0,189.0,1.0
82.0,43.0,70.0,250.0,105.0,55.0,139.0,48.0,18.0,145.0,231.0,289.0,172.0,99.0,4.0,9.0,190.0,199.0,3.0
95.0,45.0,105.0,208.0,64.0,10.0,187.0,36.0,22.0,150.0,202.0,520.0,158.0,64.0,7.0,32.0,198.0,211.0,2.0
105.0,52.0,107.0,207.0,60.0,11.0,218.0,31.0,24.0,167.0,221.0,701.0,197.0,66.0,0.0,20.0,191.0,203.0,1.0
88.0,42.0,64.0,151.0,62.0,8.0,130.0,51.0,18.0,142.0,150.0,253.0,161.0,63.0,3.0,2.0,203.0,210.0,3.0
88.0,39.0,88.0,194.0,69.0,8.0,168.0,40.0,20.0,133.0,199.0,416.0,151.0,74.0,3.0,22.0,186.0,192.0,1.0
83.0,39.0,69.0,127.0,54.0,5.0,135.0,49.0,18.0,131.0,155.0,274.0,162.0,69.0,16.0,6.0,187.0,190.0,1.0
90.0,47.0,85.0,161.0,64.0,10.0,163.0,42.0,20.0,160.0,177.0,389.0,185.0,73.0,9.0,0.0,185.0,195.0,3.0
87.0,43.0,70.0,169.0,72.0,7.0,152.0,44.0,19.0,145.0,177.0,341.0,171.0,76.0,6.0,12.0,184.0,187.0,0.0
82.0,44.0,63.0,123.0,54.0,7.0,151.0,45.0,19.0,147.0,166.0,329.0,185.0,81.0,3.0,4.0,179.0,182.0,0.0
94.0,37.0,74.0,169.0,59.0,7.0,162.0,41.0,20.0,133.0,178.0,394.0,130.0,63.0,6.0,6.0,198.0,204.0,1.0
82.0,43.0,71.0,154.0,68.0,7.0,150.0,45.0,19.0,143.0,171.0,330.0,173.0,78.0,7.0,11.0,181.0,186.0,0.0
87.0,41.0,66.0,140.0,58.0,6.0,148.0,46.0,19.0,136.0,164.0,318.0,178.0,79.0,19.0,2.0,181.0,185.0,2.0
103.0,54.0,107.0,189.0,56.0,11.0,223.0,30.0,25.0,174.0,225.0,729.0,200.0,70.0,0.0,29.0,187.0,201.0,1.0
108.0,56.0,103.0,234.0,73.0,10.0,221.0,30.0,25.0,174.0,232.0,718.0,214.0,73.0,8.0,3.0,187.0,197.0,2.0
89.0,41.0,75.0,143.0,56.0,7.0,146.0,46.0,19.0,137.0,170.0,317.0,156.0,76.0,18.0,5.0,184.0,188.0,1.0
88.0,43.0,84.0,136.0,55.0,11.0,154.0,44.0,19.0,150.0,174.0,350.0,164.0,73.0,6.0,2.0,185.0,196.0,3.0
97.0,47.0,87.0,164.0,64.0,9.0,156.0,43.0,20.0,149.0,173.0,359.0,182.0,68.0,1.0,13.0,192.0,202.0,3.0
86.0,47.0,75.0,165.0,68.0,6.0,154.0,43.0,19.0,146.0,176.0,356.0,190.0,74.0,7.0,3.0,188.0,194.0,0.0
85.0,36.0,72.0,127.0,56.0,7.0,127.0,54.0,18.0,125.0,144.0,233.0,123.0,70.0,3.0,30.0,184.0,194.0,1.0
93.0,49.0,79.0,180.0,65.0,7.0,173.0,37.0,21.0,158.0,189.0,463.0,194.0,70.0,5.0,10.0,197.0,202.0,0.0
97.0,45.0,76.0,175.0,60.0,9.0,157.0,42.0,20.0,149.0,180.0,370.0,169.0,63.0,16.0,12.0,198.0,206.0,2.0
87.0,42.0,64.0,150.0,64.0,10.0,133.0,50.0,18.0,142.0,157.0,264.0,159.0,67.0,7.0,1.0,193.0,201.0,3.0
92.0,38.0,74.0,178.0,62.0,9.0,161.0,41.0,20.0,135.0,181.0,388.0,132.0,63.0,7.0,29.0,197.0,206.0,1.0
92.0,39.0,76.0,180.0,71.0,6.0,152.0,43.0,19.0,131.0,179.0,350.0,143.0,72.0,6.0,14.0,195.0,200.0,0.0
96.0,41.0,77.0,177.0,64.0,5.0,177.0,36.0,21.0,134.0,205.0,485.0,148.0,74.0,0.0,4.0,196.0,198.0,0.0
99.0,51.0,88.0,188.0,62.0,5.0,203.0,32.0,23.0,158.0,222.0,625.0,219.0,77.0,8.0,26.0,191.0,190.0,0.0
108.0,51.0,100.0,206.0,63.0,10.0,196.0,34.0,23.0,159.0,214.0,576.0,201.0,65.0,7.0,16.0,194.0,205.0,2.0
84.0,47.0,75.0,153.0,64.0,6.0,154.0,43.0,19.0,145.0,175.0,354.0,184.0,75.0,0.0,3.0,185.0,192.0,0.0
84.0,37.0,53.0,121.0,59.0,5.0,123.0,55.0,17.0,125.0,141.0,221.0,133.0,82.0,7.0,1.0,179.0,183.0,3.0
95.0,38.0,66.0,126.0,52.0,8.0,133.0,52.0,18.0,140.0,158.0,253.0,140.0,78.0,11.0,8.0,184.0,183.0,3.0
98.0,39.0,68.0,136.0,56.0,8.0,131.0,52.0,18.0,144.0,159.0,251.0,134.0,72.0,4.0,10.0,186.0,187.0,3.0
99.0,47.0,91.0,226.0,74.0,5.0,202.0,32.0,23.0,148.0,234.0,629.0,186.0,79.0,4.0,11.0,192.0,191.0,0.0
104.0,55.0,107.0,222.0,68.0,11.0,218.0,31.0,24.0,173.0,232.0,703.0,229.0,71.0,3.0,10.0,188.0,199.0,2.0
102.0,54.0,106.0,221.0,68.0,11.0,207.0,32.0,24.0,164.0,228.0,638.0,238.0,71.0,0.0,26.0,189.0,200.0,2.0
82.0,44.0,72.0,118.0,52.0,7.0,152.0,44.0,19.0,147.0,174.0,340.0,177.0,82.0,2.0,2.0,180.0,185.0,0.0
78.0,36.0,60.0,116.0,56.0,6.0,123.0,55.0,17.0,124.0,141.0,221.0,121.0,78.0,3.0,16.0,178.0,185.0,1.0
85.0,44.0,70.0,205.0,103.0,52.0,149.0,45.0,19.0,144.0,241.0,325.0,188.0,127.0,9.0,11.0,180.0,183.0,0.0
79.0,40.0,80.0,133.0,55.0,7.0,147.0,47.0,19.0,135.0,172.0,311.0,144.0,76.0,8.0,30.0,181.0,193.0,1.0
93.0,39.0,78.0,164.0,66.0,8.0,139.0,48.0,18.0,140.0,157.0,290.0,126.0,64.0,4.0,7.0,201.0,208.0,3.0
93.0,35.0,78.0,162.0,60.0,8.0,150.0,45.0,19.0,125.0,172.0,331.0,137.0,67.0,2.0,33.0,191.0,198.0,1.0
90.0,34.0,66.0,158.0,59.0,7.0,140.0,47.0,18.0,124.0,165.0,298.0,117.0,61.0,1.0,3.0,201.0,207.0,2.0
85.0,45.0,65.0,128.0,56.0,8.0,151.0,45.0,19.0,145.0,170.0,332.0,186.0,81.0,1.0,10.0,179.0,184.0,0.0
96.0,40.0,78.0,170.0,58.0,7.0,174.0,38.0,21.0,139.0,197.0,455.0,160.0,68.0,3.0,29.0,191.0,200.0,2.0
93.0,40.0,62.0,117.0,49.0,7.0,131.0,52.0,18.0,145.0,160.0,249.0,156.0,78.0,8.0,6.0,184.0,184.0,3.0
86.0,39.0,58.0,125.0,55.0,5.0,117.0,57.0,17.0,134.0,140.0,204.0,148.0,69.0,7.0,6.0,190.0,194.0,3.0
101.0,48.0,85.0,191.0,60.0,11.0,175.0,38.0,21.0,153.0,192.0,458.0,187.0,62.0,5.0,22.0,197.0,210.0,2.0
82.0,36.0,54.0,117.0,53.0,7.0,125.0,54.0,18.0,126.0,146.0,229.0,128.0,78.0,1.0,5.0,180.0,184.0,2.0
97.0,37.0,76.0,169.0,60.0,8.0,161.0,41.0,20.0,131.0,189.0,391.0,136.0,72.0,0.0,0.0,188.0,192.0,1.0
86.0,41.0,64.0,148.0,61.0,5.0,150.0,45.0,19.0,138.0,165.0,333.0,173.0,80.0,5.0,8.0,182.0,185.0,2.0
107.0,53.0,108.0,211.0,63.0,11.0,219.0,31.0,25.0,168.0,228.0,704.0,198.0,69.0,10.0,21.0,190.0,203.0,2.0
93.0,45.0,86.0,201.0,69.0,7.0,184.0,35.0,22.0,145.0,203.0,523.0,183.0,72.0,0.0,4.0,194.0,197.0,0.0
87.0,47.0,81.0,149.0,62.0,9.0,147.0,45.0,19.0,152.0,171.0,325.0,181.0,72.0,0.0,6.0,188.0,198.0,3.0
91.0,38.0,76.0,172.0,61.0,8.0,167.0,40.0,20.0,134.0,196.0,415.0,145.0,71.0,0.0,28.0,189.0,198.0,1.0
101.0,51.0,112.0,201.0,59.0,11.0,214.0,32.0,24.0,162.0,223.0,667.0,194.0,65.0,0.0,36.0,190.0,206.0,2.0
106.0,54.0,103.0,161.0,47.0,4.0,247.0,27.0,27.0,166.0,266.0,892.0,242.0,85.0,4.0,11.0,181.0,183.0,0.0
115.0,52.0,100.0,203.0,62.0,10.0,217.0,31.0,24.0,165.0,229.0,697.0,214.0,72.0,14.0,4.0,188.0,197.0,2.0
80.0,43.0,71.0,133.0,60.0,7.0,150.0,45.0,19.0,146.0,170.0,330.0,176.0,81.0,6.0,15.0,180.0,184.0,0.0
85.0,42.0,70.0,130.0,56.0,7.0,150.0,45.0,19.0,145.0,177.0,328.0,172.0,82.0,10.0,14.0,181.0,185.0,0.0
111.0,50.0,103.0,199.0,60.0,11.0,211.0,31.0,24.0,156.0,223.0,663.0,188.0,68.0,9.0,9.0,190.0,200.0,2.0
86.0,43.0,66.0,130.0,56.0,7.0,152.0,44.0,19.0,142.0,177.0,340.0,173.0,81.0,6.0,14.0,181.0,185.0,0.0
100.0,50.0,81.0,197.0,67.0,6.0,186.0,34.0,22.0,158.0,206.0,531.0,198.0,74.0,6.0,1.0,197.0,198.0,0.0
105.0,46.0,100.0,195.0,61.0,9.0,193.0,34.0,22.0,150.0,207.0,557.0,161.0,65.0,5.0,9.0,194.0,202.0,1.0
94.0,46.0,91.0,175.0,70.0,12.0,157.0,43.0,20.0,155.0,172.0,358.0,192.0,69.0,15.0,21.0,190.0,200.0,3.0
99.0,55.0,101.0,219.0,68.0,10.0,224.0,30.0,25.0,178.0,228.0,737.0,213.0,74.0,11.0,20.0,187.0,196.0,1.0
94.0,49.0,82.0,137.0,56.0,10.0,159.0,43.0,20.0,160.0,176.0,367.0,186.0,76.0,10.0,7.0,183.0,192.0,3.0
94.0,45.0,81.0,166.0,67.0,9.0,145.0,46.0,19.0,147.0,164.0,313.0,179.0,66.0,11.0,14.0,194.0,202.0,3.0
103.0,49.0,100.0,194.0,60.0,10.0,185.0,35.0,22.0,160.0,202.0,518.0,178.0,62.0,13.0,8.0,198.0,208.0,2.0
83.0,37.0,54.0,131.0,61.0,4.0,135.0,50.0,18.0,127.0,152.0,271.0,141.0,85.0,3.0,6.0,180.0,183.0,2.0
98.0,58.0,101.0,208.0,65.0,12.0,226.0,30.0,25.0,182.0,225.0,748.0,216.0,71.0,6.0,1.0,185.0,196.0,1.0
86.0,38.0,76.0,143.0,59.0,8.0,142.0,47.0,18.0,131.0,167.0,301.0,138.0,71.0,5.0,10.0,189.0,196.0,3.0
110.0,53.0,104.0,223.0,66.0,10.0,211.0,32.0,24.0,164.0,223.0,659.0,210.0,67.0,5.0,16.0,190.0,203.0,2.0
83.0,46.0,68.0,139.0,59.0,6.0,150.0,44.0,19.0,146.0,172.0,336.0,183.0,74.0,5.0,3.0,185.0,191.0,0.0
103.0,49.0,107.0,179.0,54.0,12.0,208.0,32.0,24.0,159.0,214.0,644.0,183.0,66.0,1.0,12.0,191.0,200.0,1.0
88.0,44.0,85.0,139.0,56.0,11.0,157.0,43.0,20.0,155.0,176.0,363.0,175.0,76.0,5.0,16.0,184.0,195.0,3.0
87.0,44.0,70.0,179.0,75.0,6.0,146.0,45.0,19.0,141.0,167.0,326.0,178.0,69.0,6.0,1.0,194.0,201.0,0.0
85.0,44.0,66.0,125.0,58.0,6.0,148.0,45.0,19.0,145.0,170.0,323.0,185.0,84.0,8.0,1.0,180.0,183.0,0.0
88.0,36.0,53.0,113.0,57.0,3.0,118.0,57.0,17.0,128.0,137.0,204.0,136.0,88.0,7.0,14.0,180.0,183.0,3.0
99.0,57.0,109.0,220.0,66.0,11.0,221.0,30.0,25.0,176.0,234.0,725.0,236.0,70.0,10.0,25.0,188.0,200.0,1.0
97.0,38.0,75.0,188.0,68.0,6.0,171.0,37.0,20.0,129.0,199.0,450.0,137.0,74.0,2.0,6.0,197.0,199.0,0.0
89.0,47.0,80.0,131.0,54.0,11.0,160.0,43.0,20.0,163.0,175.0,369.0,174.0,77.0,1.0,7.0,182.0,193.0,3.0
106.0,49.0,96.0,201.0,61.0,10.0,181.0,36.0,21.0,158.0,197.0,494.0,180.0,62.0,19.0,15.0,202.0,209.0,1.0
99.0,46.0,105.0,209.0,64.0,11.0,197.0,34.0,23.0,152.0,212.0,575.0,159.0,65.0,0.0,33.0,194.0,205.0,1.0
107.0,54.0,98.0,203.0,65.0,11.0,218.0,31.0,25.0,167.0,229.0,696.0,216.0,72.0,1.0,28.0,187.0,199.0,2.0
83.0,36.0,54.0,119.0,57.0,6.0,128.0,53.0,18.0,125.0,143.0,238.0,139.0,82.0,6.0,3.0,179.0,183.0,2.0
100.0,57.0,107.0,207.0,63.0,11.0,227.0,30.0,25.0,180.0,234.0,756.0,205.0,72.0,6.0,19.0,186.0,198.0,1.0
109.0,49.0,103.0,186.0,57.0,11.0,206.0,32.0,23.0,156.0,212.0,630.0,186.0,65.0,12.0,21.0,192.0,201.0,1.0
91.0,39.0,77.0,153.0,59.0,8.0,139.0,48.0,18.0,139.0,159.0,289.0,123.0,62.0,8.0,17.0,201.0,209.0,3.0
90.0,49.0,83.0,187.0,63.0,7.0,176.0,37.0,21.0,154.0,205.0,467.0,222.0,70.0,1.0,2.0,189.0,195.0,2.0
102.0,54.0,100.0,163.0,53.0,10.0,213.0,31.0,24.0,173.0,219.0,669.0,201.0,76.0,12.0,27.0,187.0,195.0,1.0
100.0,47.0,88.0,190.0,60.0,10.0,171.0,38.0,21.0,155.0,186.0,440.0,169.0,59.0,15.0,18.0,201.0,210.0,2.0
94.0,39.0,89.0,194.0,62.0,9.0,172.0,38.0,21.0,135.0,191.0,444.0,121.0,63.0,4.0,23.0,201.0,209.0,1.0
98.0,39.0,81.0,191.0,64.0,9.0,166.0,40.0,20.0,138.0,184.0,415.0,131.0,62.0,8.0,19.0,197.0,205.0,2.0
85.0,34.0,53.0,127.0,58.0,6.0,116.0,58.0,17.0,121.0,137.0,197.0,127.0,70.0,3.0,20.0,185.0,189.0,2.0
84.0,36.0,75.0,136.0,55.0,6.0,140.0,48.0,18.0,125.0,166.0,290.0,138.0,71.0,4.0,36.0,189.0,195.0,2.0
83.0,46.0,73.0,137.0,59.0,6.0,148.0,45.0,19.0,146.0,167.0,327.0,183.0,75.0,8.0,0.0,185.0,191.0,0.0
89.0,42.0,89.0,147.0,61.0,11.0,151.0,44.0,19.0,145.0,170.0,338.0,163.0,72.0,11.0,23.0,187.0,199.0,3.0
102.0,51.0,104.0,217.0,67.0,10.0,204.0,32.0,23.0,162.0,220.0,621.0,195.0,68.0,3.0,19.0,188.0,197.0,2.0
93.0,34.0,72.0,144.0,56.0,6.0,133.0,50.0,18.0,123.0,158.0,263.0,125.0,63.0,5.0,20.0,200.0,206.0,2.0
95.0,43.0,96.0,202.0,65.0,10.0,189.0,35.0,22.0,143.0,217.0,534.0,166.0,71.0,6.0,27.0,190.0,197.0,1.0
90.0,43.0,72.0,172.0,59.0,8.0,154.0,42.0,19.0,144.0,174.0,360.0,158.0,61.0,15.0,9.0,203.0,209.0,2.0
93.0,39.0,87.0,183.0,64.0,8.0,169.0,40.0,20.0,134.0,200.0,422.0,149.0,72.0,7.0,25.0,188.0,195.0,2.0
98.0,38.0,78.0,191.0,65.0,8.0,169.0,39.0,20.0,136.0,197.0,430.0,141.0,67.0,9.0,20.0,192.0,199.0,2.0
94.0,49.0,79.0,203.0,71.0,5.0,174.0,37.0,21.0,154.0,196.0,465.0,206.0,71.0,6.0,2.0,197.0,199.0,0.0
87.0,36.0,53.0,117.0,58.0,4.0,118.0,57.0,17.0,125.0,138.0,205.0,138.0,85.0,9.0,15.0,180.0,183.0,3.0
86.0,40.0,66.0,139.0,59.0,7.0,122.0,54.0,17.0,139.0,145.0,225.0,143.0,63.0,7.0,11.0,202.0,208.0,3.0
82.0,39.0,86.0,140.0,54.0,7.0,153.0,45.0,19.0,134.0,174.0,338.0,139.0,71.0,11.0,18.0,183.0,189.0,1.0
90.0,46.0,75.0,133.0,55.0,11.0,160.0,43.0,20.0,161.0,173.0,369.0,171.0,77.0,0.0,16.0,182.0,192.0,3.0
101.0,56.0,104.0,185.0,53.0,6.0,257.0,26.0,28.0,168.0,275.0,956.0,230.0,83.0,5.0,26.0,180.0,184.0,0.0
86.0,45.0,71.0,170.0,70.0,6.0,146.0,45.0,19.0,146.0,172.0,321.0,189.0,71.0,10.0,8.0,187.0,191.0,0.0
96.0,50.0,94.0,215.0,67.0,9.0,187.0,35.0,22.0,158.0,214.0,525.0,214.0,67.0,8.0,6.0,193.0,201.0,2.0
101.0,52.0,105.0,162.0,53.0,10.0,212.0,31.0,24.0,163.0,226.0,669.0,204.0,74.0,12.0,11.0,186.0,194.0,1.0
95.0,41.0,82.0,170.0,65.0,9.0,145.0,46.0,19.0,145.0,163.0,314.0,140.0,64.0,4.0,8.0,199.0,207.0,3.0
88.0,39.0,70.0,166.0,66.0,7.0,148.0,44.0,19.0,134.0,167.0,332.0,143.0,69.0,5.0,13.0,193.0,201.0,0.0
96.0,47.0,77.0,204.0,72.0,6.0,167.0,38.0,20.0,150.0,188.0,429.0,182.0,69.0,6.0,16.0,199.0,203.0,0.0
85.0,40.0,66.0,121.0,52.0,4.0,152.0,44.0,19.0,133.0,170.0,340.0,163.0,87.0,13.0,3.0,180.0,183.0,1.0
83.0,40.0,59.0,116.0,53.0,7.0,132.0,52.0,18.0,137.0,145.0,250.0,157.0,84.0,12.0,6.0,177.0,183.0,3.0
102.0,43.0,96.0,197.0,63.0,10.0,185.0,36.0,22.0,142.0,202.0,513.0,139.0,65.0,8.0,12.0,195.0,204.0,1.0
98.0,52.0,86.0,207.0,69.0,5.0,192.0,33.0,22.0,161.0,212.0,570.0,221.0,75.0,4.0,6.0,194.0,195.0,0.0
98.0,55.0,101.0,228.0,70.0,9.0,210.0,31.0,24.0,168.0,236.0,661.0,245.0,72.0,1.0,6.0,188.0,197.0,1.0
89.0,41.0,75.0,162.0,66.0,5.0,153.0,43.0,19.0,136.0,175.0,352.0,154.0,72.0,2.0,0.0,188.0,195.0,0.0
97.0,45.0,72.0,187.0,71.0,5.0,161.0,40.0,20.0,144.0,178.0,399.0,186.0,70.0,7.0,7.0,196.0,203.0,0.0
106.0,57.0,107.0,235.0,67.0,6.0,262.0,26.0,28.0,171.0,285.0,987.0,260.0,86.0,9.0,31.0,180.0,184.0,0.0
108.0,54.0,109.0,189.0,57.0,11.0,220.0,31.0,25.0,174.0,229.0,709.0,214.0,70.0,12.0,23.0,189.0,201.0,2.0
109.0,52.0,95.0,189.0,58.0,4.0,227.0,29.0,25.0,158.0,262.0,776.0,217.0,82.0,0.0,19.0,187.0,186.0,0.0
105.0,51.0,108.0,201.0,62.0,11.0,220.0,30.0,25.0,163.0,232.0,711.0,202.0,72.0,12.0,16.0,189.0,200.0,2.0
102.0,53.0,101.0,238.0,72.0,4.0,238.0,28.0,26.0,163.0,267.0,844.0,242.0,85.0,7.0,22.0,184.0,184.0,0.0
89.0,41.0,84.0,141.0,58.0,9.0,149.0,45.0,19.0,145.0,172.0,330.0,162.0,72.0,4.0,18.0,188.0,200.0,3.0
91.0,38.0,75.0,136.0,53.0,6.0,144.0,47.0,19.0,131.0,165.0,305.0,149.0,69.0,1.0,7.0,186.0,191.0,2.0
94.0,36.0,66.0,151.0,61.0,8.0,133.0,50.0,18.0,135.0,154.0,265.0,119.0,62.0,9.0,3.0,201.0,208.0,3.0
87.0,45.0,82.0,164.0,60.0,8.0,156.0,42.0,19.0,144.0,181.0,366.0,174.0,70.0,2.0,2.0,190.0,196.0,1.0
93.0,46.0,82.0,145.0,58.0,11.0,159.0,43.0,20.0,160.0,180.0,371.0,189.0,77.0,2.0,4.0,183.0,194.0,3.0
83.0,40.0,53.0,114.0,53.0,6.0,132.0,53.0,18.0,140.0,142.0,247.0,157.0,86.0,8.0,7.0,176.0,183.0,3.0
96.0,49.0,98.0,187.0,59.0,6.0,213.0,31.0,24.0,152.0,228.0,680.0,210.0,77.0,8.0,28.0,188.0,189.0,0.0
85.0,43.0,66.0,120.0,54.0,5.0,148.0,46.0,19.0,145.0,168.0,320.0,174.0,87.0,8.0,2.0,179.0,181.0,0.0
91.0,35.0,66.0,159.0,59.0,7.0,147.0,45.0,19.0,131.0,169.0,322.0,123.0,64.0,1.0,1.0,197.0,203.0,1.0
80.0,38.0,63.0,129.0,55.0,7.0,146.0,46.0,19.0,130.0,168.0,314.0,158.0,83.0,9.0,20.0,180.0,185.0,2.0
103.0,48.0,101.0,204.0,62.0,12.0,200.0,33.0,23.0,158.0,215.0,595.0,164.0,66.0,8.0,22.0,192.0,202.0,1.0
87.0,42.0,64.0,150.0,64.0,10.0,133.0,50.0,18.0,141.0,157.0,265.0,159.0,67.0,7.0,0.0,193.0,201.0,3.0
84.0,38.0,83.0,141.0,54.0,7.0,149.0,45.0,19.0,132.0,177.0,327.0,149.0,74.0,6.0,29.0,185.0,191.0,2.0
104.0,52.0,101.0,206.0,62.0,10.0,198.0,33.0,23.0,161.0,207.0,587.0,204.0,64.0,2.0,5.0,195.0,204.0,1.0
88.0,37.0,63.0,130.0,58.0,5.0,125.0,54.0,18.0,130.0,141.0,230.0,145.0,74.0,14.0,20.0,184.0,188.0,2.0
102.0,48.0,105.0,214.0,64.0,10.0,201.0,33.0,23.0,152.0,214.0,600.0,178.0,64.0,0.0,25.0,192.0,204.0,2.0
83.0,41.0,70.0,155.0,65.0,7.0,144.0,46.0,19.0,141.0,168.0,309.0,147.0,71.0,4.0,12.0,188.0,195.0,0.0
85.0,38.0,63.0,130.0,55.0,7.0,122.0,55.0,17.0,130.0,137.0,219.0,144.0,64.0,20.0,8.0,195.0,201.0,1.0
88.0,44.0,71.0,165.0,70.0,7.0,144.0,46.0,19.0,141.0,167.0,312.0,172.0,71.0,4.0,4.0,188.0,193.0,0.0
103.0,57.0,105.0,221.0,69.0,11.0,218.0,30.0,24.0,173.0,226.0,706.0,250.0,73.0,10.0,2.0,187.0,195.0,1.0
93.0,47.0,84.0,205.0,71.0,7.0,176.0,36.0,21.0,152.0,190.0,476.0,201.0,70.0,7.0,19.0,198.0,201.0,0.0
89.0,40.0,89.0,174.0,58.0,8.0,177.0,37.0,21.0,133.0,202.0,471.0,155.0,70.0,7.0,18.0,189.0,196.0,2.0
96.0,45.0,101.0,201.0,66.0,9.0,192.0,34.0,22.0,143.0,218.0,552.0,195.0,73.0,3.0,19.0,189.0,197.0,2.0
